Jour	Mois	Année	Heure	Minute	Seconde	Temp(°C) Hum(%) Lum(%)
9	2	26	17	4	15	17.4	57.0	48
9	2	26	17	4	16	17.4	57.0	97
9	2	26	17	4	17	17.4	57.0	97
9	2	26	17	4	18	17.4	57.0	97
9	2	26	17	4	19	17.4	57.0	97
9	2	26	17	4	20	17.4	57.0	97
9	2	26	17	4	21	17.4	58.0	97
9	2	26	17	4	22	17.4	58.0	97
9	2	26	17	4	23	17.4	58.0	97
9	2	26	17	4	24	17.4	57.0	97
9	2	26	17	4	25	17.4	57.0	97
9	2	26	17	4	26	17.4	57.0	97
9	2	26	17	4	27	17.4	57.0	97
9	2	26	17	4	29	0.0	0.0	0
9	2	26	17	4	30	17.4	57.0	97
9	2	26	17	4	31	17.4	57.0	97
9	2	26	17	4	32	17.5	57.0	97
9	2	26	17	4	33	17.5	57.0	67
9	2	26	17	4	34	17.5	57.0	71
9	2	26	17	4	35	17.5	57.0	97
9	2	26	17	4	36	17.5	57.0	97
9	2	26	17	4	37	17.5	57.0	97
9	2	26	17	4	38	17.5	57.0	90
9	2	26	17	4	39	17.5	57.0	97
9	2	26	17	4	40	17.5	57.0	97
9	2	26	17	4	41	17.5	57.0	97
9	2	26	17	4	42	17.5	57.0	97
9	2	26	17	4	43	17.5	57.0	97
9	2	26	17	4	44	17.5	57.0	97
9	2	26	17	4	45	17.5	57.0	97
9	2	26	17	4	46	17.5	57.0	97
9	2	26	17	4	47	17.5	57.0	97
9	2	26	17	4	48	17.5	57.0	97
9	2	26	17	4	49	17.5	57.0	97
9	2	26	17	4	50	17.5	57.0	97
9	2	26	17	4	51	17.5	57.0	97
9	2	26	17	4	52	17.5	57.0	97
9	2	26	17	4	53	17.5	57.0	96
9	2	26	17	4	54	17.5	57.0	97
9	2	26	17	4	55	17.5	57.0	92
9	2	26	17	4	56	17.5	57.0	97
9	2	26	17	4	57	17.5	57.0	97
9	2	26	17	4	58	17.5	57.0	97
9	2	26	17	4	59	17.5	57.0	97
9	2	26	17	5	0	17.5	57.0	97
9	2	26	17	5	1	17.5	57.0	97
9	2	26	17	5	2	17.5	57.0	97
9	2	26	17	5	3	17.5	57.0	97
9	2	26	17	5	4	17.5	57.0	97
9	2	26	17	5	5	17.5	57.0	79
9	2	26	17	5	6	17.5	57.0	97
9	2	26	17	5	7	17.5	57.0	97
9	2	26	17	5	8	17.5	57.0	97
9	2	26	17	5	9	17.5	57.0	97
9	2	26	17	5	10	17.5	57.0	97
9	2	26	17	5	11	17.5	57.0	97
9	2	26	17	5	12	17.5	57.0	97
9	2	26	17	5	13	17.5	57.0	94
9	2	26	17	5	14	17.5	57.0	97
9	2	26	17	5	15	17.5	57.0	97
9	2	26	17	5	16	17.5	57.0	97
9	2	26	17	5	17	17.5	57.0	97
9	2	26	17	5	18	17.5	57.0	90
9	2	26	17	5	19	17.5	57.0	97
9	2	26	17	5	20	17.5	57.0	97
9	2	26	17	5	21	17.5	57.0	97
9	2	26	17	5	22	17.5	57.0	97
9	2	26	17	5	23	17.5	57.0	97
9	2	26	17	5	24	17.5	57.0	97
9	2	26	17	5	25	17.5	57.0	97
9	2	26	17	5	26	17.5	57.0	97
9	2	26	17	5	27	17.5	57.0	97
9	2	26	17	5	28	17.5	57.0	61
9	2	26	17	5	29	17.5	57.0	10
9	2	26	17	5	30	17.5	57.0	11
9	2	26	17	5	31	17.5	57.0	9
9	2	26	17	5	32	17.5	57.0	97
9	2	26	17	5	33	17.5	57.0	94
9	2	26	17	5	34	17.5	57.0	97
9	2	26	17	5	35	17.5	57.0	97
9	2	26	17	5	36	17.5	57.0	97
9	2	26	17	5	37	17.5	57.0	92
9	2	26	17	5	38	17.5	57.0	97
9	2	26	17	5	39	17.5	57.0	97
9	2	26	17	5	40	17.5	57.0	97
9	2	26	17	5	41	17.5	57.0	97
9	2	26	17	5	42	17.5	57.0	97
9	2	26	17	5	43	17.5	57.0	97
9	2	26	17	5	44	17.5	58.0	97
9	2	26	17	5	45	17.5	58.0	97
9	2	26	17	5	46	17.6	60.0	97
9	2	26	17	5	47	17.6	60.0	97
9	2	26	17	5	48	17.6	60.0	97
9	2	26	17	5	49	17.6	66.0	97
9	2	26	17	5	50	17.6	66.0	97
9	2	26	17	5	51	17.6	66.0	97
9	2	26	17	5	52	17.6	66.0	97
9	2	26	17	5	53	17.6	64.0	97
9	2	26	17	5	54	17.6	64.0	97
9	2	26	17	5	55	17.6	64.0	97
9	2	26	17	5	56	17.6	62.0	97
9	2	26	17	5	57	17.6	62.0	97
9	2	26	17	5	58	17.6	61.0	97
9	2	26	17	5	59	17.6	61.0	97
9	2	26	17	6	0	17.6	60.0	97
9	2	26	17	6	1	17.6	60.0	90
9	2	26	17	6	2	17.6	59.0	97
9	2	26	17	6	3	17.6	59.0	97
9	2	26	17	6	4	17.6	59.0	92
9	2	26	17	6	5	17.6	59.0	97
9	2	26	17	6	6	17.6	58.0	93
9	2	26	17	6	7	17.6	58.0	91
9	2	26	17	6	8	17.6	58.0	97
9	2	26	17	6	9	17.6	58.0	97
9	2	26	17	6	10	17.6	58.0	97
9	2	26	17	6	11	17.6	58.0	97
9	2	26	17	6	12	17.6	58.0	97
9	2	26	17	6	13	17.6	58.0	97
9	2	26	17	6	14	17.6	58.0	97
9	2	26	17	6	15	17.6	58.0	97
9	2	26	17	6	16	17.6	58.0	97
9	2	26	17	6	17	17.6	58.0	97
9	2	26	17	6	18	17.6	58.0	97
9	2	26	17	6	19	17.6	58.0	97
9	2	26	17	6	20	17.6	58.0	97
9	2	26	17	6	21	17.6	58.0	97
9	2	26	17	6	22	17.6	58.0	97
9	2	26	17	6	23	17.6	58.0	97
9	2	26	17	6	24	17.6	57.0	97
9	2	26	17	6	25	17.6	57.0	97
9	2	26	17	6	26	17.6	57.0	97
9	2	26	17	6	27	17.6	57.0	97
9	2	26	17	6	28	17.6	57.0	97
9	2	26	17	6	29	17.6	57.0	91
9	2	26	17	6	30	17.6	57.0	97
9	2	26	17	6	31	17.6	57.0	97
9	2	26	17	6	32	17.6	57.0	97
9	2	26	17	6	33	17.6	57.0	97
9	2	26	17	6	34	17.6	57.0	97
9	2	26	17	6	35	17.6	57.0	97
9	2	26	17	6	36	17.6	57.0	97
9	2	26	17	6	37	17.6	57.0	97
9	2	26	17	6	38	17.6	57.0	97
9	2	26	17	6	39	17.6	57.0	97
9	2	26	17	6	40	17.6	57.0	96
9	2	26	17	6	41	17.6	57.0	97
9	2	26	17	6	42	17.6	57.0	93
9	2	26	17	6	43	17.6	57.0	97
9	2	26	17	6	44	17.6	57.0	97
9	2	26	17	6	45	17.6	57.0	95
9	2	26	17	6	46	17.6	57.0	97
9	2	26	17	6	47	17.6	57.0	97
9	2	26	17	6	48	17.6	57.0	97
9	2	26	17	6	49	17.6	57.0	97
9	2	26	17	6	50	17.6	57.0	97
9	2	26	17	6	51	17.6	57.0	97
9	2	26	17	6	52	17.6	57.0	97
9	2	26	17	6	53	17.6	57.0	97
9	2	26	17	6	54	17.7	57.0	97
9	2	26	17	6	55	17.7	57.0	97
9	2	26	17	6	56	17.7	57.0	97
9	2	26	17	6	57	17.7	57.0	97
9	2	26	17	6	58	17.7	57.0	97
9	2	26	17	6	59	17.7	57.0	97
9	2	26	17	7	0	17.7	57.0	97
9	2	26	17	7	1	17.7	57.0	97
9	2	26	17	7	2	17.7	57.0	97
9	2	26	17	7	3	17.7	57.0	97
9	2	26	17	7	4	17.7	57.0	97
9	2	26	17	7	5	17.7	57.0	97
9	2	26	17	7	6	17.7	57.0	97
9	2	26	17	7	7	17.6	57.0	97
9	2	26	17	7	8	17.6	57.0	97
9	2	26	17	7	9	17.7	57.0	97
9	2	26	17	7	10	17.7	57.0	97
9	2	26	17	7	11	17.7	57.0	97
9	2	26	17	7	12	17.7	57.0	97
9	2	26	17	7	13	17.7	57.0	97
9	2	26	17	7	14	17.7	57.0	97
9	2	26	17	7	15	17.7	57.0	97
9	2	26	17	7	16	17.7	57.0	96
9	2	26	17	7	17	17.7	57.0	97
9	2	26	17	7	18	17.7	57.0	97
9	2	26	17	7	19	17.7	57.0	97
9	2	26	17	7	20	17.7	57.0	97
9	2	26	17	7	21	17.7	57.0	97
9	2	26	17	7	22	17.7	57.0	94
9	2	26	17	7	23	17.7	57.0	97
9	2	26	17	7	24	17.7	57.0	97
9	2	26	17	7	25	17.7	57.0	89
9	2	26	17	7	26	17.7	57.0	97
9	2	26	17	7	27	17.7	57.0	97
9	2	26	17	7	28	17.7	57.0	97
9	2	26	17	7	29	17.7	57.0	97
9	2	26	17	7	30	17.7	57.0	97
9	2	26	17	7	31	17.7	57.0	97
9	2	26	17	7	32	17.8	57.0	97
9	2	26	17	7	33	17.8	57.0	97
9	2	26	17	7	34	17.7	57.0	96
9	2	26	17	7	35	17.7	57.0	97
9	2	26	17	7	36	17.7	57.0	91
9	2	26	17	7	37	17.7	57.0	97
9	2	26	17	7	38	17.7	57.0	97
9	2	26	17	7	39	17.7	57.0	97
9	2	26	17	7	40	17.7	57.0	97
9	2	26	17	7	41	17.7	57.0	97
9	2	26	17	7	42	17.7	57.0	97
9	2	26	17	7	43	17.7	57.0	92
9	2	26	17	7	44	17.7	57.0	97
9	2	26	17	7	45	17.7	57.0	97
9	2	26	17	7	46	17.7	57.0	97
9	2	26	17	7	47	17.7	57.0	97
9	2	26	17	7	48	17.7	57.0	88
9	2	26	17	7	49	17.7	57.0	97
9	2	26	17	7	50	17.7	57.0	97
9	2	26	17	7	51	17.7	57.0	97
9	2	26	17	7	52	17.7	57.0	97
9	2	26	17	7	53	17.7	57.0	97
9	2	26	17	7	54	17.7	57.0	97
9	2	26	17	7	55	17.7	57.0	97
9	2	26	17	7	56	17.7	57.0	90
9	2	26	17	7	57	17.8	57.0	97
9	2	26	17	7	58	17.8	57.0	97
9	2	26	17	7	59	17.8	57.0	88
9	2	26	17	8	0	17.8	57.0	97
9	2	26	17	8	1	17.8	57.0	97
9	2	26	17	8	2	17.8	57.0	97
9	2	26	17	8	3	17.8	57.0	97
9	2	26	17	8	4	17.8	57.0	97
9	2	26	17	8	5	17.8	57.0	97
9	2	26	17	8	6	17.8	57.0	97
9	2	26	17	8	7	17.8	57.0	97
9	2	26	17	8	8	17.7	57.0	97
9	2	26	17	8	9	17.7	57.0	97
9	2	26	17	8	10	17.8	57.0	97
9	2	26	17	8	11	17.8	57.0	97
9	2	26	17	8	12	17.8	57.0	93
9	2	26	17	8	13	17.8	57.0	97
9	2	26	17	8	14	17.8	57.0	97
9	2	26	17	8	15	17.8	57.0	97
9	2	26	17	8	16	17.8	57.0	88
9	2	26	17	8	17	17.8	57.0	97
9	2	26	17	8	18	17.8	57.0	97
9	2	26	17	8	19	17.8	57.0	97
9	2	26	17	8	20	17.8	57.0	97
9	2	26	17	8	21	17.8	57.0	97
9	2	26	17	8	22	17.8	57.0	86
9	2	26	17	8	23	17.8	57.0	97
9	2	26	17	8	24	17.8	57.0	78
9	2	26	17	8	25	17.8	57.0	97
9	2	26	17	8	26	17.8	57.0	81
9	2	26	17	8	27	17.8	57.0	97
9	2	26	17	8	28	17.8	57.0	87
9	2	26	17	8	29	17.8	57.0	97
9	2	26	17	8	30	17.8	57.0	97
9	2	26	17	8	31	17.8	57.0	97
9	2	26	17	8	32	17.8	57.0	97
9	2	26	17	8	33	17.8	57.0	97
9	2	26	17	8	34	17.8	57.0	97
9	2	26	17	8	35	17.8	57.0	97
9	2	26	17	8	36	17.8	57.0	96
9	2	26	17	8	37	17.8	57.0	97
9	2	26	17	8	38	17.8	57.0	76
9	2	26	17	8	39	17.8	57.0	97
9	2	26	17	8	40	17.8	57.0	97
9	2	26	17	8	41	17.8	57.0	97
9	2	26	17	8	42	17.8	57.0	97
9	2	26	17	8	43	17.8	57.0	97
9	2	26	17	8	44	17.8	57.0	97
9	2	26	17	8	45	17.8	57.0	97
9	2	26	17	8	46	17.8	57.0	94
9	2	26	17	8	47	17.8	57.0	97
9	2	26	17	8	48	17.8	57.0	97
9	2	26	17	8	49	17.8	57.0	96
9	2	26	17	8	50	17.8	57.0	97
9	2	26	17	8	51	17.8	57.0	97
9	2	26	17	8	52	17.8	57.0	97
9	2	26	17	8	53	17.8	57.0	88
9	2	26	17	8	54	17.8	57.0	97
9	2	26	17	8	55	17.8	57.0	83
9	2	26	17	8	56	17.8	57.0	97
9	2	26	17	8	57	17.8	57.0	97
9	2	26	17	8	58	17.8	57.0	95
9	2	26	17	8	59	17.8	57.0	85
9	2	26	17	9	0	17.8	57.0	97
9	2	26	17	9	1	17.8	57.0	97
9	2	26	17	9	2	17.8	57.0	97
9	2	26	17	9	3	17.8	57.0	97
9	2	26	17	9	4	17.8	57.0	97
9	2	26	17	9	5	17.8	57.0	85
9	2	26	17	9	6	17.8	57.0	97
9	2	26	17	9	7	17.8	57.0	97
9	2	26	17	9	8	17.8	57.0	97
9	2	26	17	9	9	17.8	57.0	97
9	2	26	17	9	10	17.8	57.0	97
9	2	26	17	9	11	17.8	57.0	97
9	2	26	17	9	12	17.8	57.0	85
9	2	26	17	9	13	17.8	57.0	97
9	2	26	17	9	14	17.8	57.0	90
9	2	26	17	9	15	17.8	57.0	97
9	2	26	17	9	16	17.8	57.0	97
9	2	26	17	9	17	17.8	57.0	97
9	2	26	17	9	18	17.8	57.0	97
9	2	26	17	9	19	17.8	57.0	97
9	2	26	17	9	20	17.8	57.0	97
9	2	26	17	9	21	17.8	57.0	97
9	2	26	17	9	22	17.8	57.0	97
9	2	26	17	9	23	17.8	57.0	97
9	2	26	17	9	24	17.8	57.0	97
9	2	26	17	9	25	17.8	57.0	97
9	2	26	17	9	26	17.8	57.0	97
9	2	26	17	9	27	17.8	57.0	94
9	2	26	17	9	28	17.8	57.0	97
9	2	26	17	9	29	17.8	57.0	83
9	2	26	17	9	30	17.8	57.0	97
9	2	26	17	9	31	17.8	57.0	84
9	2	26	17	9	32	17.8	57.0	97
9	2	26	17	9	33	17.8	57.0	86
9	2	26	17	9	34	17.8	57.0	83
9	2	26	17	9	35	17.8	57.0	97
9	2	26	17	9	36	17.8	57.0	83
9	2	26	17	9	37	17.8	57.0	97
9	2	26	17	9	38	17.8	57.0	87
9	2	26	17	9	39	17.8	57.0	97
9	2	26	17	9	40	17.8	57.0	80
9	2	26	17	9	41	17.8	57.0	97
9	2	26	17	9	42	17.8	57.0	91
9	2	26	17	9	43	17.8	57.0	97
9	2	26	17	9	44	17.8	57.0	97
9	2	26	17	9	45	17.8	57.0	97
9	2	26	17	9	46	17.8	57.0	97
9	2	26	17	9	47	17.8	57.0	97
9	2	26	17	9	48	17.8	57.0	81
9	2	26	17	9	49	17.8	57.0	97
9	2	26	17	9	50	17.8	57.0	97
9	2	26	17	9	51	17.8	57.0	97
9	2	26	17	9	52	17.8	57.0	97
9	2	26	17	9	53	17.8	57.0	97
9	2	26	17	9	54	17.8	57.0	97
9	2	26	17	9	55	17.8	57.0	97
9	2	26	17	9	56	17.8	57.0	97
9	2	26	17	9	57	17.8	57.0	97
9	2	26	17	9	58	17.8	57.0	97
9	2	26	17	9	59	17.8	57.0	97
9	2	26	17	10	0	17.8	57.0	97
9	2	26	17	10	1	17.8	57.0	97
9	2	26	17	10	2	17.8	57.0	97
9	2	26	17	10	3	17.8	57.0	97
9	2	26	17	10	4	17.8	57.0	97
9	2	26	17	10	5	17.8	57.0	97
9	2	26	17	10	6	17.8	57.0	96
9	2	26	17	10	7	17.8	57.0	97
9	2	26	17	10	8	17.8	57.0	97
9	2	26	17	10	9	17.8	57.0	97
9	2	26	17	10	10	17.8	57.0	97
9	2	26	17	10	11	17.8	57.0	97
9	2	26	17	10	12	17.8	57.0	97
9	2	26	17	10	13	17.8	57.0	91
9	2	26	17	10	14	17.8	57.0	97
9	2	26	17	10	15	17.8	57.0	88
9	2	26	17	10	16	17.8	57.0	97
9	2	26	17	10	17	17.8	57.0	97
9	2	26	17	10	18	17.8	57.0	97
9	2	26	17	10	19	17.8	57.0	97
9	2	26	17	10	20	17.8	57.0	97
9	2	26	17	10	21	17.8	57.0	97
9	2	26	17	10	22	17.8	57.0	91
9	2	26	17	10	23	17.8	57.0	97
9	2	26	17	10	24	17.8	57.0	89
9	2	26	17	10	25	17.8	57.0	97
9	2	26	17	10	26	17.8	57.0	97
9	2	26	17	10	27	17.8	57.0	97
9	2	26	17	10	28	17.8	57.0	97
9	2	26	17	10	29	17.8	57.0	97
9	2	26	17	10	30	17.8	57.0	97
9	2	26	17	10	31	17.8	57.0	81
9	2	26	17	10	32	17.8	57.0	97
9	2	26	17	10	33	17.8	57.0	97
9	2	26	17	10	34	17.8	57.0	97
9	2	26	17	10	35	17.8	57.0	97
9	2	26	17	10	36	17.8	57.0	82
9	2	26	17	10	37	17.8	57.0	97
9	2	26	17	10	38	17.8	57.0	97
9	2	26	17	10	39	17.8	57.0	97
9	2	26	17	10	40	17.8	57.0	97
9	2	26	17	10	41	17.9	57.0	97
9	2	26	17	10	42	17.9	57.0	97
9	2	26	17	10	43	17.8	57.0	97
9	2	26	17	10	44	17.8	57.0	97
9	2	26	17	10	45	17.8	57.0	91
9	2	26	17	10	46	17.8	57.0	97
9	2	26	17	10	47	17.8	57.0	97
9	2	26	17	10	48	17.8	57.0	84
9	2	26	17	10	49	17.8	57.0	97
9	2	26	17	10	50	17.8	57.0	97
9	2	26	17	10	51	17.8	57.0	97
9	2	26	17	10	52	17.9	57.0	93
9	2	26	17	10	53	17.9	57.0	97
9	2	26	17	10	54	17.9	57.0	97
9	2	26	17	10	55	17.9	57.0	97
9	2	26	17	10	56	17.9	57.0	97
9	2	26	17	10	57	17.8	57.0	97
9	2	26	17	10	58	17.8	57.0	97
9	2	26	17	10	59	17.9	57.0	97
9	2	26	17	11	0	17.9	57.0	97
9	2	26	17	11	1	17.9	57.0	97
9	2	26	17	11	2	17.9	57.0	97
9	2	26	17	11	3	17.9	57.0	97
9	2	26	17	11	4	17.9	57.0	97
9	2	26	17	11	5	17.9	57.0	97
9	2	26	17	11	6	17.8	57.0	97
9	2	26	17	11	7	17.8	57.0	97
9	2	26	17	11	8	17.9	57.0	97
9	2	26	17	11	9	17.9	57.0	97
9	2	26	17	11	10	17.8	57.0	97
9	2	26	17	11	11	17.8	57.0	97
9	2	26	17	11	12	17.8	57.0	97
9	2	26	17	11	13	17.8	57.0	97
9	2	26	17	11	14	17.8	57.0	97
9	2	26	17	11	15	17.8	57.0	97
9	2	26	17	11	16	17.8	57.0	97
9	2	26	17	11	17	17.9	57.0	97
9	2	26	17	11	18	17.9	57.0	88
9	2	26	17	11	19	17.9	57.0	97
9	2	26	17	11	20	17.9	57.0	97
9	2	26	17	11	21	17.9	57.0	97
9	2	26	17	11	22	17.9	57.0	97
9	2	26	17	11	23	17.9	57.0	97
9	2	26	17	11	24	17.9	57.0	97
9	2	26	17	11	25	17.9	57.0	97
9	2	26	17	11	26	17.9	57.0	97
9	2	26	17	11	27	17.9	57.0	97
9	2	26	17	11	28	17.8	57.0	97
9	2	26	17	11	29	17.8	57.0	97
9	2	26	17	11	30	17.8	57.0	97
9	2	26	17	11	31	17.9	57.0	84
9	2	26	17	11	32	17.9	57.0	97
9	2	26	17	11	33	17.9	57.0	97
9	2	26	17	11	34	17.9	57.0	97
9	2	26	17	11	35	17.9	57.0	97
9	2	26	17	11	36	17.9	57.0	97
9	2	26	17	11	37	17.9	57.0	97
9	2	26	17	11	38	17.9	57.0	97
9	2	26	17	11	39	17.9	57.0	97
9	2	26	17	11	40	17.9	57.0	96
9	2	26	17	11	41	17.9	57.0	97
9	2	26	17	11	42	17.9	57.0	97
9	2	26	17	11	43	17.9	57.0	93
9	2	26	17	11	44	17.9	57.0	97
9	2	26	17	11	45	17.9	57.0	87
9	2	26	17	11	46	17.9	57.0	97
9	2	26	17	11	47	17.9	57.0	97
9	2	26	17	11	48	17.9	57.0	97
9	2	26	17	11	49	17.9	57.0	97
9	2	26	17	11	50	17.9	57.0	89
9	2	26	17	11	51	17.9	57.0	97
9	2	26	17	11	52	17.9	57.0	97
9	2	26	17	11	53	17.9	57.0	97
9	2	26	17	11	54	17.9	57.0	97
9	2	26	17	11	55	17.9	57.0	97
9	2	26	17	11	56	17.9	57.0	96
9	2	26	17	11	57	17.9	57.0	97
9	2	26	17	11	58	17.9	57.0	97
9	2	26	17	11	59	17.9	57.0	97
9	2	26	17	12	0	17.9	57.0	97
9	2	26	17	12	1	17.9	57.0	94
9	2	26	17	12	2	17.9	57.0	97
9	2	26	17	12	3	17.9	57.0	97
9	2	26	17	12	4	17.9	57.0	97
9	2	26	17	12	5	17.9	57.0	97
9	2	26	17	12	6	17.9	57.0	97
9	2	26	17	12	7	17.9	57.0	97
9	2	26	17	12	8	17.9	57.0	97
9	2	26	17	12	9	17.9	57.0	97
9	2	26	17	12	10	17.9	57.0	87
9	2	26	17	12	11	17.9	57.0	97
9	2	26	17	12	12	17.9	57.0	97
9	2	26	17	12	13	17.9	57.0	97
9	2	26	17	12	14	17.9	57.0	97
9	2	26	17	12	15	17.9	57.0	97
9	2	26	17	12	16	17.9	57.0	91
9	2	26	17	12	17	17.9	57.0	87
9	2	26	17	12	18	17.9	57.0	97
9	2	26	17	12	19	17.9	57.0	93
9	2	26	17	12	20	17.9	57.0	95
9	2	26	17	12	21	17.9	57.0	97
9	2	26	17	12	22	17.9	57.0	97
9	2	26	17	12	23	17.9	57.0	90
9	2	26	17	12	24	17.9	57.0	97
9	2	26	17	12	25	17.9	57.0	97
9	2	26	17	12	26	17.9	57.0	97
9	2	26	17	12	27	17.9	57.0	97
9	2	26	17	12	28	17.9	57.0	91
9	2	26	17	12	29	17.9	57.0	97
9	2	26	17	12	30	17.9	57.0	97
9	2	26	17	12	31	17.9	57.0	92
9	2	26	17	12	32	17.9	57.0	97
9	2	26	17	12	33	17.9	57.0	97
9	2	26	17	12	34	17.9	57.0	97
9	2	26	17	12	35	17.9	57.0	97
9	2	26	17	12	36	17.9	57.0	97
9	2	26	17	12	37	17.9	57.0	97
9	2	26	17	12	38	17.9	57.0	97
9	2	26	17	12	39	17.9	57.0	97
9	2	26	17	12	40	18.0	57.0	97
9	2	26	17	12	41	18.0	57.0	97
9	2	26	17	12	42	17.9	57.0	97
9	2	26	17	12	43	17.9	57.0	97
9	2	26	17	12	44	17.9	57.0	97
9	2	26	17	12	45	17.9	57.0	97
9	2	26	17	12	46	17.9	57.0	97
9	2	26	17	12	47	17.9	57.0	97
9	2	26	17	12	48	17.9	57.0	90
9	2	26	17	12	49	17.9	57.0	97
9	2	26	17	12	50	17.9	57.0	97
9	2	26	17	12	51	17.9	57.0	97
9	2	26	17	12	52	17.9	57.0	97
9	2	26	17	12	53	17.9	57.0	97
9	2	26	17	12	54	18.0	57.0	90
9	2	26	17	12	55	18.0	57.0	97
9	2	26	17	12	56	18.0	57.0	97
9	2	26	17	12	57	18.0	57.0	97
9	2	26	17	12	58	18.0	57.0	97
9	2	26	17	12	59	18.0	57.0	97
9	2	26	17	13	0	18.0	57.0	97
9	2	26	17	13	1	18.0	57.0	92
9	2	26	17	13	2	18.0	57.0	97
9	2	26	17	13	3	18.0	57.0	97
9	2	26	17	13	4	18.0	57.0	97
9	2	26	17	13	5	17.9	57.0	97
9	2	26	17	13	6	17.9	57.0	97
9	2	26	17	13	7	18.0	57.0	91
9	2	26	17	13	8	18.0	57.0	97
9	2	26	17	13	9	18.0	57.0	97
9	2	26	17	13	10	18.0	57.0	93
9	2	26	17	13	11	18.0	57.0	97
9	2	26	17	13	12	18.0	57.0	97
9	2	26	17	13	13	18.0	57.0	89
9	2	26	17	13	14	18.0	57.0	97
9	2	26	17	13	15	18.0	57.0	97
9	2	26	17	13	16	18.0	57.0	97
9	2	26	17	13	17	18.0	57.0	88
9	2	26	17	13	18	18.0	57.0	97
9	2	26	17	13	19	18.0	57.0	97
9	2	26	17	13	20	18.0	57.0	97
9	2	26	17	13	21	18.0	57.0	97
9	2	26	17	13	22	18.0	57.0	97
9	2	26	17	13	23	18.0	57.0	97
9	2	26	17	13	24	18.0	57.0	97
9	2	26	17	13	25	18.0	57.0	97
9	2	26	17	13	26	18.0	57.0	96
9	2	26	17	13	27	18.0	57.0	97
9	2	26	17	13	28	18.0	57.0	97
9	2	26	17	13	29	18.0	57.0	97
9	2	26	17	13	30	18.0	57.0	90
9	2	26	17	13	31	18.0	57.0	97
9	2	26	17	13	32	18.0	57.0	97
9	2	26	17	13	33	18.0	57.0	97
9	2	26	17	13	34	18.0	57.0	97
9	2	26	17	13	35	18.0	57.0	97
9	2	26	17	13	36	18.0	57.0	97
9	2	26	17	13	37	18.0	57.0	97
9	2	26	17	13	38	18.0	57.0	97
9	2	26	17	13	39	18.0	57.0	97
9	2	26	17	13	40	18.0	57.0	97
9	2	26	17	13	41	18.0	57.0	97
9	2	26	17	13	42	18.0	57.0	97
9	2	26	17	13	43	18.0	57.0	97
9	2	26	17	13	44	18.0	57.0	97
9	2	26	17	13	45	18.0	57.0	97
9	2	26	17	13	46	18.0	57.0	97
9	2	26	17	13	47	18.0	57.0	97
9	2	26	17	13	48	18.0	57.0	97
9	2	26	17	13	49	18.0	57.0	97
9	2	26	17	13	50	18.0	57.0	97
9	2	26	17	13	51	18.0	57.0	97
9	2	26	17	13	52	18.0	57.0	88
9	2	26	17	13	53	18.0	57.0	97
9	2	26	17	13	54	18.0	57.0	97
9	2	26	17	13	55	18.0	57.0	97
9	2	26	17	13	56	18.0	57.0	83
9	2	26	17	13	57	18.0	57.0	97
9	2	26	17	13	58	18.0	57.0	97
9	2	26	17	13	59	18.0	57.0	97
9	2	26	17	14	0	18.0	57.0	97
9	2	26	17	14	1	18.0	57.0	97
9	2	26	17	14	2	18.0	57.0	97
9	2	26	17	14	3	18.0	57.0	97
9	2	26	17	14	4	18.0	57.0	97
9	2	26	17	14	5	18.0	57.0	97
9	2	26	17	14	6	18.0	57.0	97
9	2	26	17	14	7	18.0	57.0	97
9	2	26	17	14	8	18.0	57.0	97
9	2	26	17	14	9	18.0	57.0	97
9	2	26	17	14	10	18.0	57.0	92
9	2	26	17	14	11	18.0	57.0	97
9	2	26	17	14	12	18.0	57.0	89
9	2	26	17	14	13	18.0	57.0	80
9	2	26	17	14	14	18.0	57.0	97
9	2	26	17	14	15	18.0	57.0	97
9	2	26	17	14	16	18.0	57.0	97
9	2	26	17	14	17	18.0	57.0	97
9	2	26	17	14	18	18.0	57.0	97
9	2	26	17	14	19	18.0	57.0	97
9	2	26	17	14	20	18.0	57.0	95
9	2	26	17	14	21	18.0	57.0	97
9	2	26	17	14	22	18.0	57.0	97
9	2	26	17	14	23	18.0	57.0	97
9	2	26	17	14	24	18.0	57.0	86
9	2	26	17	14	25	18.0	57.0	89
9	2	26	17	14	26	18.0	57.0	96
9	2	26	17	14	27	18.0	57.0	97
9	2	26	17	14	28	18.0	57.0	97
9	2	26	17	14	29	18.0	57.0	97
9	2	26	17	14	30	18.0	57.0	98
9	2	26	17	14	31	18.0	57.0	98
9	2	26	17	14	32	18.0	57.0	82
9	2	26	17	14	33	18.0	57.0	98
9	2	26	17	14	34	18.0	57.0	98
9	2	26	17	14	35	18.0	57.0	98
9	2	26	17	14	36	18.0	57.0	79
9	2	26	17	14	37	18.0	57.0	80
9	2	26	17	14	38	18.0	57.0	79
9	2	26	17	14	39	18.0	57.0	98
9	2	26	17	14	40	18.0	57.0	98
9	2	26	17	14	41	18.0	57.0	98
9	2	26	17	14	42	18.0	57.0	97
9	2	26	17	14	43	18.0	57.0	98
9	2	26	17	14	44	18.0	57.0	98
9	2	26	17	14	45	18.0	57.0	98
9	2	26	17	14	46	18.0	57.0	98
9	2	26	17	14	47	18.0	57.0	82
9	2	26	17	14	48	18.0	57.0	98
9	2	26	17	14	49	18.0	57.0	98
9	2	26	17	14	50	18.0	57.0	92
9	2	26	17	14	51	18.0	57.0	73
9	2	26	17	14	52	18.0	57.0	66
9	2	26	17	14	53	18.0	57.0	85
9	2	26	17	14	54	18.0	57.0	97
9	2	26	17	14	55	18.0	57.0	98
9	2	26	17	14	56	18.0	57.0	98
9	2	26	17	14	57	18.0	57.0	80
9	2	26	17	14	58	18.0	57.0	83
9	2	26	17	14	59	18.0	57.0	98
9	2	26	17	15	0	18.0	57.0	98
9	2	26	17	15	1	18.0	57.0	98
9	2	26	17	15	2	18.0	58.0	98
9	2	26	17	15	3	18.0	58.0	84
9	2	26	17	15	4	18.0	57.0	94
9	2	26	17	15	5	18.0	57.0	98
9	2	26	17	15	6	18.0	58.0	98
9	2	26	17	15	7	18.0	58.0	98
9	2	26	17	15	8	18.0	57.0	88
9	2	26	17	15	9	18.0	57.0	98
9	2	26	17	15	10	18.0	57.0	97
9	2	26	17	15	11	18.0	57.0	98
9	2	26	17	15	12	18.0	57.0	98
9	2	26	17	15	13	18.0	57.0	95
9	2	26	17	15	14	18.0	57.0	82
9	2	26	17	15	15	18.0	57.0	98
9	2	26	17	15	16	18.0	57.0	98
9	2	26	17	15	17	18.0	58.0	98
9	2	26	17	15	18	18.0	58.0	98
9	2	26	17	15	19	18.0	58.0	98
9	2	26	17	15	20	18.0	58.0	97
9	2	26	17	15	21	18.0	58.0	80
9	2	26	17	15	22	18.0	58.0	98
9	2	26	17	15	23	18.0	58.0	98
9	2	26	17	15	24	18.0	58.0	98
9	2	26	17	15	25	18.0	58.0	78
9	2	26	17	15	26	18.0	57.0	97
9	2	26	17	15	27	18.0	57.0	98
9	2	26	17	15	28	18.0	57.0	98
9	2	26	17	15	29	18.0	57.0	98
9	2	26	17	15	30	18.0	57.0	98
9	2	26	17	15	31	18.0	57.0	98
9	2	26	17	15	32	18.0	57.0	98
9	2	26	17	15	33	18.0	57.0	98
9	2	26	17	15	34	18.0	57.0	98
9	2	26	17	15	35	18.0	57.0	98
9	2	26	17	15	36	18.0	57.0	98
9	2	26	17	15	37	18.0	57.0	79
9	2	26	17	15	38	18.0	57.0	96
9	2	26	17	15	39	18.0	57.0	98
9	2	26	17	15	40	18.0	57.0	98
9	2	26	17	15	41	18.0	57.0	98
9	2	26	17	15	42	18.0	57.0	98
9	2	26	17	15	43	18.0	57.0	97
9	2	26	17	15	44	18.0	57.0	98
9	2	26	17	15	45	18.0	57.0	98
9	2	26	17	15	46	18.0	57.0	81
9	2	26	17	15	47	18.0	57.0	80
9	2	26	17	15	48	18.0	57.0	98
9	2	26	17	15	49	18.0	57.0	98
9	2	26	17	15	50	18.0	57.0	97
9	2	26	17	15	51	18.0	57.0	82
9	2	26	17	15	52	18.0	57.0	98
9	2	26	17	15	53	18.0	57.0	97
9	2	26	17	15	54	18.0	57.0	98
9	2	26	17	15	55	18.0	57.0	94
9	2	26	17	15	56	18.0	57.0	89
9	2	26	17	15	57	18.0	57.0	98
9	2	26	17	15	58	18.0	57.0	98
9	2	26	17	15	59	18.0	57.0	98
9	2	26	17	16	0	18.0	57.0	84
9	2	26	17	16	1	18.0	57.0	98
9	2	26	17	16	2	18.0	57.0	90
9	2	26	17	16	3	18.0	57.0	82
9	2	26	17	16	4	18.0	57.0	98
9	2	26	17	16	5	18.0	57.0	98
9	2	26	17	16	6	18.0	57.0	85
9	2	26	17	16	7	18.0	57.0	76
9	2	26	17	16	8	18.0	57.0	77
9	2	26	17	16	9	18.0	57.0	98
9	2	26	17	16	10	18.0	57.0	91
9	2	26	17	16	11	18.0	57.0	86
9	2	26	17	16	12	18.0	57.0	98
9	2	26	17	16	13	18.0	57.0	92
9	2	26	17	16	14	18.0	57.0	98
9	2	26	17	16	15	18.0	57.0	98
9	2	26	17	16	16	18.0	57.0	97
9	2	26	17	16	17	18.0	57.0	80
9	2	26	17	16	18	18.0	57.0	83
9	2	26	17	16	19	18.0	57.0	80
9	2	26	17	16	20	18.0	57.0	98
9	2	26	17	16	21	18.0	57.0	98
9	2	26	17	16	22	18.0	57.0	98
9	2	26	17	16	23	18.0	57.0	78
9	2	26	17	16	24	18.0	57.0	98
9	2	26	17	16	25	18.0	57.0	98
9	2	26	17	16	26	18.0	57.0	98
9	2	26	17	16	27	18.0	57.0	80
9	2	26	17	16	28	18.0	57.0	98
9	2	26	17	16	29	18.0	57.0	97
9	2	26	17	16	30	18.0	57.0	98
9	2	26	17	16	31	18.0	57.0	98
9	2	26	17	16	32	18.0	57.0	82
9	2	26	17	16	33	18.0	57.0	98
9	2	26	17	16	34	18.0	57.0	98
9	2	26	17	16	35	18.0	57.0	76
9	2	26	17	16	36	18.0	57.0	97
9	2	26	17	16	37	18.0	57.0	98
9	2	26	17	16	38	18.0	57.0	98
9	2	26	17	16	39	18.0	57.0	98
9	2	26	17	16	40	18.0	57.0	98
9	2	26	17	16	41	18.0	57.0	80
9	2	26	17	16	42	18.0	57.0	98
9	2	26	17	16	43	18.0	57.0	98
9	2	26	17	16	44	18.0	57.0	97
9	2	26	17	16	45	18.0	57.0	76
9	2	26	17	16	46	18.0	57.0	98
9	2	26	17	16	47	18.0	57.0	98
9	2	26	17	16	48	18.0	57.0	98
9	2	26	17	16	49	18.0	57.0	98
9	2	26	17	16	50	18.0	57.0	98
9	2	26	17	16	51	18.0	57.0	83
9	2	26	17	16	52	18.0	57.0	79
9	2	26	17	16	53	18.0	57.0	98
9	2	26	17	16	54	18.0	57.0	98
9	2	26	17	16	55	18.0	57.0	98
9	2	26	17	16	56	18.0	57.0	79
9	2	26	17	16	57	18.0	57.0	84
9	2	26	17	16	58	18.0	57.0	98
9	2	26	17	16	59	18.0	57.0	82
9	2	26	17	17	0	18.0	57.0	98
9	2	26	17	17	1	18.0	57.0	85
9	2	26	17	17	2	18.0	57.0	98
9	2	26	17	17	3	18.0	57.0	98
9	2	26	17	17	4	18.0	57.0	98
9	2	26	17	17	5	18.0	57.0	98
9	2	26	17	17	6	18.0	57.0	98
9	2	26	17	17	7	18.0	57.0	98
9	2	26	17	17	8	18.0	57.0	98
9	2	26	17	17	9	18.0	57.0	98
9	2	26	17	17	10	18.0	57.0	91
9	2	26	17	17	11	18.0	57.0	97
9	2	26	17	17	12	18.0	57.0	97
9	2	26	17	17	13	18.0	57.0	98
9	2	26	17	17	14	18.0	57.0	97
9	2	26	17	17	15	18.0	57.0	97
9	2	26	17	17	16	18.0	57.0	97
9	2	26	17	17	17	18.0	57.0	97
9	2	26	17	17	18	18.0	57.0	97
9	2	26	17	17	19	18.0	57.0	97
9	2	26	17	17	20	18.0	57.0	97
9	2	26	17	17	21	18.0	57.0	97
9	2	26	17	17	22	18.0	57.0	97
9	2	26	17	17	23	18.0	57.0	82
9	2	26	17	17	24	18.0	57.0	80
9	2	26	17	17	25	18.0	57.0	92
9	2	26	17	17	26	18.0	57.0	88
9	2	26	17	17	27	18.0	57.0	97
9	2	26	17	17	28	18.0	57.0	97
9	2	26	17	17	29	18.0	57.0	97
9	2	26	17	17	30	18.0	57.0	97
9	2	26	17	17	31	18.0	57.0	97
9	2	26	17	17	32	18.0	57.0	79
9	2	26	17	17	33	18.0	57.0	97
9	2	26	17	17	34	18.0	57.0	92
9	2	26	17	17	35	18.0	57.0	97
9	2	26	17	17	36	18.0	57.0	97
9	2	26	17	17	37	18.0	57.0	97
9	2	26	17	17	38	18.0	57.0	97
9	2	26	17	17	39	18.0	57.0	97
9	2	26	17	17	40	18.0	57.0	97
9	2	26	17	17	41	18.0	57.0	97
9	2	26	17	17	42	18.0	57.0	97
9	2	26	17	17	43	18.0	57.0	81
9	2	26	17	17	44	18.0	57.0	75
9	2	26	17	17	45	18.0	57.0	97
9	2	26	17	17	46	18.0	57.0	97
9	2	26	17	17	47	18.0	57.0	97
9	2	26	17	17	48	18.0	57.0	97
9	2	26	17	17	49	18.0	57.0	97
9	2	26	17	17	50	18.0	57.0	97
9	2	26	17	17	51	18.0	57.0	97
9	2	26	17	17	52	18.0	57.0	97
9	2	26	17	17	53	18.0	57.0	97
9	2	26	17	17	54	18.0	57.0	97
9	2	26	17	17	55	18.0	57.0	97
9	2	26	17	17	56	18.0	57.0	85
9	2	26	17	17	57	18.0	57.0	97
9	2	26	17	17	58	18.0	57.0	97
9	2	26	17	17	59	18.0	57.0	97
9	2	26	17	18	0	18.0	57.0	97
9	2	26	17	18	1	18.0	57.0	97
9	2	26	17	18	2	18.0	58.0	97
9	2	26	17	18	3	18.0	58.0	97
9	2	26	17	18	4	18.0	58.0	97
9	2	26	17	18	5	18.0	58.0	97
9	2	26	17	18	6	18.0	58.0	97
9	2	26	17	18	7	18.0	58.0	97
9	2	26	17	18	8	18.0	58.0	97
9	2	26	17	18	9	18.0	58.0	97
9	2	26	17	18	10	18.0	58.0	97
9	2	26	17	18	11	18.0	58.0	97
9	2	26	17	18	12	18.0	58.0	97
9	2	26	17	18	13	18.0	58.0	97
9	2	26	17	18	14	18.0	58.0	92
9	2	26	17	18	15	18.0	58.0	97
9	2	26	17	18	16	18.0	58.0	97
9	2	26	17	18	17	18.0	57.0	97
9	2	26	17	18	18	18.0	57.0	97
9	2	26	17	18	19	18.0	57.0	97
9	2	26	17	18	20	18.0	58.0	81
9	2	26	17	18	21	18.0	58.0	98
9	2	26	17	18	22	18.0	57.0	98
9	2	26	17	18	23	18.0	57.0	87
9	2	26	17	18	24	18.0	58.0	97
9	2	26	17	18	25	18.0	58.0	95
9	2	26	17	18	26	18.0	58.0	97
9	2	26	17	18	27	18.0	57.0	98
9	2	26	17	18	28	18.0	57.0	98
9	2	26	17	18	29	18.0	57.0	76
9	2	26	17	18	30	18.0	57.0	82
9	2	26	17	18	31	18.0	57.0	98
9	2	26	17	18	32	18.0	57.0	98
9	2	26	17	18	33	18.0	57.0	98
9	2	26	17	18	34	18.0	57.0	98
9	2	26	17	18	35	18.0	57.0	86
9	2	26	17	18	36	18.0	57.0	98
9	2	26	17	18	37	18.0	57.0	98
9	2	26	17	18	38	18.0	57.0	97
9	2	26	17	18	39	18.0	57.0	98
9	2	26	17	18	40	18.0	57.0	98
9	2	26	17	18	41	18.0	57.0	98
9	2	26	17	18	42	18.0	57.0	98
9	2	26	17	18	43	18.0	57.0	98
9	2	26	17	18	44	18.0	57.0	76
9	2	26	17	18	45	18.0	57.0	90
9	2	26	17	18	46	18.0	57.0	98
9	2	26	17	18	47	18.0	57.0	98
9	2	26	17	18	48	18.0	57.0	98
9	2	26	17	18	49	18.0	57.0	98
9	2	26	17	18	50	18.0	57.0	98
9	2	26	17	18	51	18.0	57.0	78
9	2	26	17	18	52	18.0	57.0	98
9	2	26	17	18	53	18.0	57.0	89
9	2	26	17	18	54	18.0	57.0	78
9	2	26	17	18	55	18.0	57.0	98
9	2	26	17	18	56	18.0	57.0	98
9	2	26	17	18	57	18.0	57.0	98
9	2	26	17	18	58	18.0	57.0	75
9	2	26	17	18	59	18.0	57.0	79
9	2	26	17	19	0	18.0	57.0	84
9	2	26	17	19	1	18.0	57.0	98
9	2	26	17	19	2	18.0	57.0	98
9	2	26	17	19	3	18.0	57.0	98
9	2	26	17	19	4	18.0	57.0	98
9	2	26	17	19	5	18.0	57.0	98
9	2	26	17	19	6	18.0	57.0	97
9	2	26	17	19	7	18.0	57.0	98
9	2	26	17	19	8	18.0	57.0	98
9	2	26	17	19	9	18.0	57.0	98
9	2	26	17	19	10	18.0	57.0	98
9	2	26	17	19	11	18.0	57.0	98
9	2	26	17	19	12	18.0	57.0	87
9	2	26	17	19	13	18.0	57.0	97
9	2	26	17	19	14	18.0	57.0	98
9	2	26	17	19	15	18.0	57.0	98
9	2	26	17	19	16	18.0	57.0	78
9	2	26	17	19	17	18.0	57.0	76
9	2	26	17	19	18	18.0	57.0	98
9	2	26	17	19	19	18.0	58.0	98
9	2	26	17	19	20	18.0	58.0	98
9	2	26	17	19	21	18.0	58.0	98
9	2	26	17	19	22	18.0	58.0	97
9	2	26	17	19	23	18.0	58.0	98
9	2	26	17	19	24	18.0	58.0	81
9	2	26	17	19	25	18.0	58.0	98
9	2	26	17	19	26	18.0	58.0	98
9	2	26	17	19	27	18.0	58.0	98
9	2	26	17	19	28	18.0	58.0	98
9	2	26	17	19	29	18.0	58.0	77
9	2	26	17	19	30	18.0	58.0	87
9	2	26	17	19	31	18.0	58.0	98
9	2	26	17	19	32	18.0	58.0	98
9	2	26	17	19	33	18.0	58.0	98
9	2	26	17	19	34	18.0	58.0	98
9	2	26	17	19	35	18.0	58.0	98
9	2	26	17	19	36	18.0	58.0	97
9	2	26	17	19	37	18.0	58.0	98
9	2	26	17	19	38	18.0	58.0	98
9	2	26	17	19	39	18.0	58.0	76
9	2	26	17	19	40	18.0	58.0	79
9	2	26	17	19	41	18.0	58.0	98
9	2	26	17	19	42	18.0	58.0	98
9	2	26	17	19	43	18.0	58.0	98
9	2	26	17	19	44	18.0	58.0	98
9	2	26	17	19	45	18.0	58.0	98
9	2	26	17	19	46	18.0	58.0	98
9	2	26	17	19	47	18.0	58.0	78
9	2	26	17	19	48	18.0	58.0	80
9	2	26	17	19	49	18.0	58.0	88
9	2	26	17	19	50	18.0	58.0	98
9	2	26	17	19	51	18.0	58.0	98
9	2	26	17	19	52	18.0	58.0	95
9	2	26	17	19	53	18.0	58.0	98
9	2	26	17	19	54	18.0	58.0	82
9	2	26	17	19	55	18.0	58.0	71
9	2	26	17	19	56	18.0	58.0	98
9	2	26	17	19	57	18.0	58.0	97
9	2	26	17	19	58	18.0	58.0	97
9	2	26	17	19	59	18.0	58.0	97
9	2	26	17	20	0	18.0	58.0	90
9	2	26	17	20	1	18.0	58.0	97
9	2	26	17	20	2	18.0	58.0	97
9	2	26	17	20	3	18.0	58.0	97
9	2	26	17	20	4	18.0	58.0	97
9	2	26	17	20	5	18.0	58.0	97
9	2	26	17	20	6	18.0	58.0	97
9	2	26	17	20	7	18.0	58.0	97
9	2	26	17	20	8	18.0	58.0	97
9	2	26	17	20	9	18.0	58.0	97
9	2	26	17	20	10	18.0	58.0	80
9	2	26	17	20	11	18.0	58.0	97
9	2	26	17	20	12	18.0	58.0	81
9	2	26	17	20	13	18.0	58.0	78
9	2	26	17	20	14	18.0	58.0	97
9	2	26	17	20	15	18.0	58.0	97
9	2	26	17	20	16	18.0	58.0	97
9	2	26	17	20	17	18.0	58.0	79
9	2	26	17	20	18	18.0	58.0	92
9	2	26	17	20	19	18.0	58.0	97
9	2	26	17	20	20	18.0	58.0	81
9	2	26	17	20	21	18.0	58.0	97
9	2	26	17	20	22	18.0	58.0	97
9	2	26	17	20	23	18.0	58.0	97
9	2	26	17	20	24	18.0	58.0	97
9	2	26	17	20	25	18.0	58.0	97
9	2	26	17	20	26	18.0	58.0	86
9	2	26	17	20	27	18.0	58.0	78
9	2	26	17	20	28	18.0	58.0	97
9	2	26	17	20	29	18.0	58.0	97
9	2	26	17	20	30	18.0	58.0	77
9	2	26	17	20	31	18.0	58.0	97
9	2	26	17	20	32	18.0	58.0	97
9	2	26	17	20	33	18.0	58.0	97
9	2	26	17	20	34	18.0	58.0	97
9	2	26	17	20	35	18.0	58.0	97
9	2	26	17	20	36	18.0	58.0	97
9	2	26	17	20	37	18.0	58.0	97
9	2	26	17	20	38	18.0	58.0	97
9	2	26	17	20	39	18.0	58.0	91
9	2	26	17	20	40	18.0	58.0	84
9	2	26	17	20	41	18.0	58.0	95
9	2	26	17	20	42	18.0	58.0	97
9	2	26	17	20	43	18.0	58.0	97
9	2	26	17	20	44	18.0	58.0	97
9	2	26	17	20	45	18.0	58.0	97
9	2	26	17	20	46	18.0	58.0	97
9	2	26	17	20	47	18.0	58.0	97
9	2	26	17	20	48	18.0	58.0	97
9	2	26	17	20	49	18.0	58.0	97
9	2	26	17	20	50	18.0	58.0	97
9	2	26	17	20	51	18.0	58.0	97
9	2	26	17	20	52	18.0	58.0	97
9	2	26	17	20	53	18.0	58.0	97
9	2	26	17	20	54	18.0	58.0	85
9	2	26	17	20	55	18.0	58.0	97
9	2	26	17	20	56	18.0	58.0	97
9	2	26	17	20	57	18.0	58.0	83
9	2	26	17	20	58	18.0	58.0	97
9	2	26	17	20	59	18.0	58.0	97
9	2	26	17	21	0	18.0	58.0	97
9	2	26	17	21	1	18.0	58.0	84
9	2	26	17	21	2	18.0	58.0	97
9	2	26	17	21	3	18.0	58.0	79
9	2	26	17	21	4	18.0	58.0	97
9	2	26	17	21	5	18.0	58.0	97
9	2	26	17	21	6	18.0	58.0	81
9	2	26	17	21	7	18.0	58.0	85
9	2	26	17	21	8	18.0	58.0	79
9	2	26	17	21	9	18.0	58.0	97
9	2	26	17	21	10	18.0	58.0	97
9	2	26	17	21	11	18.0	58.0	97
9	2	26	17	21	12	18.0	58.0	97
9	2	26	17	21	13	18.0	58.0	78
9	2	26	17	21	14	18.0	58.0	78
9	2	26	17	21	15	18.0	58.0	97
9	2	26	17	21	16	18.0	58.0	97
9	2	26	17	21	17	18.0	58.0	97
9	2	26	17	21	18	18.0	58.0	81
9	2	26	17	21	19	18.0	58.0	97
9	2	26	17	21	20	18.0	58.0	76
9	2	26	17	21	21	18.0	58.0	97
9	2	26	17	21	22	18.0	58.0	97
9	2	26	17	21	23	18.0	58.0	97
9	2	26	17	21	24	18.0	58.0	85
9	2	26	17	21	25	18.0	58.0	77
9	2	26	17	21	26	18.0	58.0	80
9	2	26	17	21	27	18.0	58.0	97
9	2	26	17	21	28	18.0	58.0	97
9	2	26	17	21	29	18.0	58.0	97
9	2	26	17	21	30	18.0	58.0	97
9	2	26	17	21	31	18.0	58.0	97
9	2	26	17	21	32	18.0	58.0	97
9	2	26	17	21	33	18.0	58.0	97
9	2	26	17	21	34	18.0	58.0	97
9	2	26	17	21	35	18.0	58.0	97
9	2	26	17	21	36	18.0	58.0	97
9	2	26	17	21	37	18.0	58.0	78
9	2	26	17	21	38	18.0	58.0	78
9	2	26	17	21	39	18.0	58.0	87
9	2	26	17	21	40	18.0	58.0	97
9	2	26	17	21	41	18.0	58.0	97
9	2	26	17	21	42	18.0	58.0	97
9	2	26	17	21	43	18.0	58.0	78
9	2	26	17	21	44	18.0	58.0	79
9	2	26	17	21	45	18.0	58.0	97
9	2	26	17	21	46	18.0	58.0	97
9	2	26	17	21	47	18.0	58.0	97
9	2	26	17	21	48	18.0	58.0	97
9	2	26	17	21	49	18.0	58.0	97
9	2	26	17	21	50	18.0	58.0	97
9	2	26	17	21	51	18.0	58.0	97
9	2	26	17	21	52	18.0	58.0	97
9	2	26	17	21	53	18.0	58.0	97
9	2	26	17	21	54	18.0	58.0	97
9	2	26	17	21	55	18.0	58.0	97
9	2	26	17	21	56	18.0	58.0	97
9	2	26	17	21	57	18.0	58.0	97
9	2	26	17	21	58	18.0	58.0	97
9	2	26	17	21	59	18.0	58.0	97
9	2	26	17	22	0	18.0	58.0	97
9	2	26	17	22	1	18.0	58.0	97
9	2	26	17	22	2	18.0	58.0	97
9	2	26	17	22	3	18.0	58.0	97
9	2	26	17	22	4	18.0	58.0	97
9	2	26	17	22	5	18.0	58.0	97
9	2	26	17	22	6	18.0	58.0	97
9	2	26	17	22	7	18.0	58.0	97
9	2	26	17	22	8	18.0	58.0	97
9	2	26	17	22	9	18.0	58.0	97
9	2	26	17	22	10	18.0	58.0	97
9	2	26	17	22	11	18.0	58.0	97
9	2	26	17	22	12	18.0	58.0	97
9	2	26	17	22	13	18.0	58.0	97
9	2	26	17	22	14	18.0	58.0	97
9	2	26	17	22	15	18.0	58.0	97
9	2	26	17	22	16	18.0	58.0	97
9	2	26	17	22	17	18.0	58.0	97
9	2	26	17	22	18	18.0	58.0	97
9	2	26	17	22	19	18.0	58.0	97
9	2	26	17	22	20	18.0	58.0	97
9	2	26	17	22	21	18.0	58.0	97
9	2	26	17	22	22	18.0	58.0	97
9	2	26	17	22	23	18.0	58.0	83
9	2	26	17	22	24	18.0	58.0	97
9	2	26	17	22	25	18.0	58.0	97
9	2	26	17	22	26	18.0	58.0	97
9	2	26	17	22	27	18.0	58.0	97
9	2	26	17	22	28	18.0	58.0	97
9	2	26	17	22	29	18.0	58.0	97
9	2	26	17	22	30	18.0	58.0	97
9	2	26	17	22	31	18.0	58.0	97
9	2	26	17	22	32	18.0	58.0	97
9	2	26	17	22	33	18.0	58.0	97
9	2	26	17	22	34	18.0	58.0	97
9	2	26	17	22	35	18.0	58.0	97
9	2	26	17	22	36	18.0	58.0	97
9	2	26	17	22	37	18.0	58.0	97
9	2	26	17	22	38	18.0	58.0	91
9	2	26	17	22	39	18.0	58.0	97
9	2	26	17	22	40	18.0	58.0	97
9	2	26	17	22	41	18.0	58.0	95
9	2	26	17	22	42	18.0	58.0	78
9	2	26	17	22	43	18.0	58.0	97
9	2	26	17	22	44	18.0	58.0	97
9	2	26	17	22	45	18.0	58.0	97
9	2	26	17	22	46	18.0	58.0	97
9	2	26	17	22	47	18.0	58.0	97
9	2	26	17	22	48	18.0	58.0	97
9	2	26	17	22	49	18.0	58.0	97
9	2	26	17	22	50	18.0	58.0	97
9	2	26	17	22	51	18.0	58.0	97
9	2	26	17	22	52	18.0	58.0	97
9	2	26	17	22	53	18.0	58.0	97
9	2	26	17	22	54	18.0	58.0	97
9	2	26	17	22	55	18.0	58.0	93
9	2	26	17	22	56	18.0	58.0	97
9	2	26	17	22	57	18.0	58.0	97
9	2	26	17	22	58	18.0	58.0	97
9	2	26	17	22	59	18.0	58.0	78
9	2	26	17	23	0	18.0	58.0	97
9	2	26	17	23	1	18.0	58.0	97
9	2	26	17	23	2	18.0	58.0	97
9	2	26	17	23	3	18.0	58.0	97
9	2	26	17	23	4	18.0	58.0	97
9	2	26	17	23	5	18.0	58.0	97
9	2	26	17	23	6	18.0	58.0	97
9	2	26	17	23	7	18.0	58.0	97
9	2	26	17	23	8	18.0	58.0	97
9	2	26	17	23	9	18.0	58.0	97
9	2	26	17	23	10	18.0	58.0	76
9	2	26	17	23	11	18.0	58.0	85
9	2	26	17	23	12	18.0	58.0	98
9	2	26	17	23	13	18.0	58.0	97
9	2	26	17	23	14	18.0	58.0	97
9	2	26	17	23	15	18.0	58.0	75
9	2	26	17	23	16	18.0	58.0	85
9	2	26	17	23	17	18.0	58.0	97
9	2	26	17	23	18	18.0	58.0	97
9	2	26	17	23	19	18.0	58.0	97
9	2	26	17	23	20	18.0	58.0	97
9	2	26	17	23	21	18.0	58.0	98
9	2	26	17	23	22	18.0	58.0	97
9	2	26	17	23	23	18.0	58.0	98
9	2	26	17	23	24	18.0	58.0	84
9	2	26	17	23	25	18.0	58.0	77
9	2	26	17	23	26	18.0	58.0	98
9	2	26	17	23	27	18.0	58.0	98
9	2	26	17	23	28	18.0	58.0	98
9	2	26	17	23	29	18.0	58.0	98
9	2	26	17	23	30	18.0	58.0	73
9	2	26	17	23	31	18.0	58.0	95
9	2	26	17	23	32	18.0	58.0	98
9	2	26	17	23	33	18.0	58.0	98
9	2	26	17	23	34	18.0	58.0	98
9	2	26	17	23	35	18.0	58.0	98
9	2	26	17	23	36	18.0	58.0	97
9	2	26	17	23	37	18.0	58.0	81
9	2	26	17	23	38	18.0	58.0	97
9	2	26	17	23	39	18.0	58.0	98
9	2	26	17	23	40	18.0	58.0	97
9	2	26	17	23	41	18.0	58.0	98
9	2	26	17	23	42	18.0	58.0	98
9	2	26	17	23	43	18.0	58.0	98
9	2	26	17	23	44	18.0	58.0	97
9	2	26	17	23	45	18.0	58.0	98
9	2	26	17	23	46	18.0	58.0	96
9	2	26	17	23	47	18.0	58.0	77
9	2	26	17	23	48	18.0	58.0	98
9	2	26	17	23	49	18.0	58.0	98
9	2	26	17	23	50	18.0	58.0	98
9	2	26	17	23	51	18.0	58.0	97
9	2	26	17	23	52	18.0	58.0	97
9	2	26	17	23	53	18.0	58.0	98
9	2	26	17	23	54	18.0	58.0	98
9	2	26	17	23	55	18.0	58.0	97
9	2	26	17	23	56	18.0	58.0	98
9	2	26	17	23	57	18.0	58.0	98
9	2	26	17	23	58	18.0	58.0	98
9	2	26	17	23	59	18.0	58.0	97
9	2	26	17	24	0	18.0	58.0	98
9	2	26	17	24	1	18.0	58.0	85
9	2	26	17	24	2	18.0	58.0	93
9	2	26	17	24	3	18.0	58.0	77
9	2	26	17	24	4	18.0	58.0	98
9	2	26	17	24	5	18.0	58.0	97
9	2	26	17	24	6	18.0	58.0	98
9	2	26	17	24	7	18.0	58.0	97
9	2	26	17	24	8	18.0	58.0	98
9	2	26	17	24	9	18.0	58.0	73
9	2	26	17	24	10	18.0	58.0	98
9	2	26	17	24	11	18.0	58.0	98
9	2	26	17	24	12	18.0	58.0	98
9	2	26	17	24	13	18.0	58.0	98
9	2	26	17	24	14	18.0	58.0	98
9	2	26	17	24	15	18.0	58.0	98
9	2	26	17	24	16	18.0	58.0	97
9	2	26	17	24	17	18.0	58.0	98
9	2	26	17	24	18	18.0	58.0	98
9	2	26	17	24	19	18.0	58.0	98
9	2	26	17	24	20	18.0	58.0	98
9	2	26	17	24	21	18.0	58.0	98
9	2	26	17	24	22	18.0	58.0	98
9	2	26	17	24	23	18.0	58.0	98
9	2	26	17	24	24	18.0	58.0	97
9	2	26	17	24	25	18.0	58.0	98
9	2	26	17	24	26	18.0	58.0	98
9	2	26	17	24	27	18.0	58.0	98
9	2	26	17	24	28	18.0	58.0	98
9	2	26	17	24	29	18.0	58.0	91
9	2	26	17	24	30	18.0	58.0	75
9	2	26	17	24	31	18.0	58.0	98
9	2	26	17	24	32	18.0	58.0	74
9	2	26	17	24	33	18.0	58.0	98
9	2	26	17	24	34	18.0	58.0	98
9	2	26	17	24	35	18.0	58.0	98
9	2	26	17	24	36	18.0	58.0	98
9	2	26	17	24	37	18.0	58.0	98
9	2	26	17	24	38	18.0	58.0	90
9	2	26	17	24	39	18.0	58.0	87
9	2	26	17	24	40	18.0	58.0	93
9	2	26	17	24	41	18.0	58.0	98
9	2	26	17	24	42	18.0	58.0	98
9	2	26	17	24	43	18.0	58.0	98
9	2	26	17	24	44	18.0	58.0	97
9	2	26	17	24	45	18.0	58.0	98
9	2	26	17	24	46	18.0	58.0	98
9	2	26	17	24	47	18.0	58.0	98
9	2	26	17	24	48	18.0	58.0	97
9	2	26	17	24	49	18.0	58.0	88
9	2	26	17	24	50	18.0	58.0	98
9	2	26	17	24	51	18.0	58.0	98
9	2	26	17	24	52	18.0	58.0	81
9	2	26	17	24	53	18.0	58.0	98
9	2	26	17	24	54	18.0	58.0	92
9	2	26	17	24	55	18.0	58.0	76
9	2	26	17	24	56	18.0	58.0	98
9	2	26	17	24	57	18.0	58.0	98
9	2	26	17	24	58	18.0	58.0	98
9	2	26	17	24	59	18.0	58.0	98
9	2	26	17	25	0	18.0	58.0	97
9	2	26	17	25	1	18.0	58.0	98
9	2	26	17	25	2	18.0	58.0	98
9	2	26	17	25	3	18.0	58.0	98
9	2	26	17	25	4	18.0	58.0	98
9	2	26	17	25	5	18.0	58.0	75
9	2	26	17	25	6	18.0	58.0	98
9	2	26	17	25	7	18.0	58.0	98
9	2	26	17	25	8	18.0	58.0	97
9	2	26	17	25	9	18.0	58.0	98
9	2	26	17	25	10	18.0	58.0	98
9	2	26	17	25	11	18.0	58.0	76
9	2	26	17	25	12	18.0	58.0	98
9	2	26	17	25	13	18.0	58.0	98
9	2	26	17	25	14	18.0	58.0	75
9	2	26	17	25	15	18.0	58.0	98
9	2	26	17	25	16	18.0	58.0	78
9	2	26	17	25	17	18.0	58.0	98
9	2	26	17	25	18	18.0	58.0	98
9	2	26	17	25	19	18.0	58.0	98
9	2	26	17	25	20	18.0	58.0	84
9	2	26	17	25	21	18.0	58.0	98
9	2	26	17	25	22	18.0	58.0	98
9	2	26	17	25	23	18.0	58.0	86
9	2	26	17	25	24	18.0	58.0	98
9	2	26	17	25	25	18.0	58.0	98
9	2	26	17	25	26	18.0	58.0	98
9	2	26	17	25	27	18.0	58.0	98
9	2	26	17	25	28	18.0	58.0	98
9	2	26	17	25	29	18.0	58.0	98
9	2	26	17	25	30	18.0	58.0	98
9	2	26	17	25	31	18.0	58.0	98
9	2	26	17	25	32	18.0	58.0	75
9	2	26	17	25	33	18.0	58.0	98
9	2	26	17	25	34	18.0	58.0	98
9	2	26	17	25	35	18.0	58.0	98
9	2	26	17	25	36	18.0	58.0	98
9	2	26	17	25	37	18.0	58.0	98
9	2	26	17	25	38	18.0	58.0	98
9	2	26	17	25	39	18.0	58.0	98
9	2	26	17	25	40	18.0	58.0	77
9	2	26	17	25	41	18.0	58.0	98
9	2	26	17	25	42	18.0	58.0	97
9	2	26	17	25	43	18.0	58.0	98
9	2	26	17	25	44	18.0	58.0	87
9	2	26	17	25	45	18.0	58.0	85
9	2	26	17	25	46	18.0	58.0	98
9	2	26	17	25	47	18.0	58.0	98
9	2	26	17	25	48	18.0	58.0	98
9	2	26	17	25	49	18.0	58.0	98
9	2	26	17	25	50	18.0	58.0	98
9	2	26	17	25	51	18.0	58.0	97
9	2	26	17	25	52	18.0	58.0	98
9	2	26	17	25	53	18.0	58.0	98
9	2	26	17	25	54	18.0	58.0	98
9	2	26	17	25	55	18.0	58.0	98
9	2	26	17	25	56	18.0	58.0	98
9	2	26	17	25	57	18.0	58.0	75
9	2	26	17	25	58	18.0	58.0	75
9	2	26	17	25	59	18.0	58.0	98
9	2	26	17	26	0	18.0	58.0	98
9	2	26	17	26	1	18.0	58.0	98
9	2	26	17	26	2	18.0	58.0	75
9	2	26	17	26	3	18.0	58.0	78
9	2	26	17	26	4	18.0	58.0	76
9	2	26	17	26	5	18.0	58.0	78
9	2	26	17	26	6	18.0	58.0	98
9	2	26	17	26	7	18.0	58.0	98
9	2	26	17	26	8	18.0	58.0	79
9	2	26	17	26	9	18.0	58.0	86
9	2	26	17	26	10	18.0	58.0	98
9	2	26	17	26	11	18.0	58.0	98
9	2	26	17	26	12	18.0	58.0	81
9	2	26	17	26	13	18.0	58.0	96
9	2	26	17	26	14	18.0	58.0	77
9	2	26	17	26	15	18.0	58.0	98
9	2	26	17	26	16	18.0	58.0	98
9	2	26	17	26	17	18.0	58.0	98
9	2	26	17	26	18	18.0	58.0	98
9	2	26	17	26	19	18.0	58.0	98
9	2	26	17	26	20	18.0	58.0	98
9	2	26	17	26	21	18.0	58.0	82
9	2	26	17	26	22	18.0	58.0	98
9	2	26	17	26	23	18.0	58.0	98
9	2	26	17	26	24	18.0	58.0	98
9	2	26	17	26	25	18.0	58.0	98
9	2	26	17	26	26	18.0	58.0	98
9	2	26	17	26	27	18.0	58.0	98
9	2	26	17	26	28	18.0	58.0	97
9	2	26	17	26	29	18.0	58.0	98
9	2	26	17	26	30	18.0	58.0	98
9	2	26	17	26	31	18.0	58.0	98
9	2	26	17	26	32	18.0	58.0	98
9	2	26	17	26	33	18.0	58.0	98
9	2	26	17	26	34	18.0	58.0	98
9	2	26	17	26	35	18.0	58.0	98
9	2	26	17	26	36	18.0	58.0	98
9	2	26	17	26	37	18.0	58.0	98
9	2	26	17	26	38	18.0	58.0	97
9	2	26	17	26	39	18.0	58.0	98
9	2	26	17	26	40	18.0	58.0	97
9	2	26	17	26	41	18.0	58.0	81
9	2	26	17	26	42	18.0	58.0	97
9	2	26	17	26	43	18.0	58.0	97
9	2	26	17	26	44	18.0	58.0	98
9	2	26	17	26	45	18.0	58.0	98
9	2	26	17	26	46	18.0	58.0	98
9	2	26	17	26	47	18.0	58.0	98
9	2	26	17	26	48	18.0	58.0	97
9	2	26	17	26	49	18.0	58.0	78
9	2	26	17	26	50	18.0	58.0	98
9	2	26	17	26	51	18.0	58.0	98
9	2	26	17	26	52	18.0	58.0	98
9	2	26	17	26	53	18.0	58.0	89
9	2	26	17	26	54	18.0	58.0	98
9	2	26	17	26	55	18.0	58.0	98
9	2	26	17	26	56	18.0	58.0	91
9	2	26	17	26	57	18.0	58.0	86
9	2	26	17	26	58	18.0	58.0	98
9	2	26	17	26	59	18.0	58.0	98
9	2	26	17	27	0	18.0	58.0	98
9	2	26	17	27	1	18.0	58.0	98
9	2	26	17	27	2	18.0	58.0	95
9	2	26	17	27	3	18.0	58.0	75
9	2	26	17	27	4	18.0	58.0	78
9	2	26	17	27	5	18.0	58.0	97
9	2	26	17	27	6	18.0	58.0	98
9	2	26	17	27	7	18.0	58.0	78
9	2	26	17	27	8	18.0	58.0	79
9	2	26	17	27	9	18.0	58.0	81
9	2	26	17	27	10	18.0	58.0	84
9	2	26	17	27	11	18.0	58.0	98
9	2	26	17	27	12	18.0	58.0	98
9	2	26	17	27	13	18.0	58.0	98
9	2	26	17	27	14	18.0	58.0	88
9	2	26	17	27	15	18.0	58.0	76
9	2	26	17	27	16	18.0	58.0	98
9	2	26	17	27	17	18.0	58.0	98
9	2	26	17	27	18	18.0	58.0	98
9	2	26	17	27	19	18.0	58.0	98
9	2	26	17	27	20	18.0	58.0	98
9	2	26	17	27	21	18.0	58.0	85
9	2	26	17	27	22	18.0	58.0	97
9	2	26	17	27	23	18.0	58.0	98
9	2	26	17	27	24	18.0	58.0	98
9	2	26	17	27	25	18.0	58.0	84
9	2	26	17	27	26	18.0	58.0	98
9	2	26	17	27	27	18.0	58.0	97
9	2	26	17	27	28	18.0	58.0	98
9	2	26	17	27	29	18.0	58.0	98
9	2	26	17	27	30	18.0	58.0	98
9	2	26	17	27	31	18.0	58.0	98
9	2	26	17	27	32	18.0	58.0	98
9	2	26	17	27	33	18.0	58.0	97
9	2	26	17	27	34	18.0	58.0	98
9	2	26	17	27	35	18.0	58.0	98
9	2	26	17	27	36	18.0	58.0	98
9	2	26	17	27	37	18.0	58.0	98
9	2	26	17	27	38	18.0	58.0	98
9	2	26	17	27	39	18.0	58.0	98
9	2	26	17	27	40	18.0	58.0	82
9	2	26	17	27	41	18.0	58.0	98
9	2	26	17	27	42	18.0	58.0	98
9	2	26	17	27	43	18.0	58.0	98
9	2	26	17	27	44	18.0	58.0	98
9	2	26	17	27	45	18.0	58.0	98
9	2	26	17	27	46	18.0	58.0	98
9	2	26	17	27	47	18.0	58.0	78
9	2	26	17	27	48	18.0	58.0	95
9	2	26	17	27	49	18.0	58.0	98
9	2	26	17	27	50	18.0	58.0	98
9	2	26	17	27	51	18.0	58.0	98
9	2	26	17	27	52	18.0	58.0	98
9	2	26	17	27	53	18.0	58.0	97
9	2	26	17	27	54	18.0	58.0	98
9	2	26	17	27	55	18.0	58.0	98
9	2	26	17	27	56	18.0	58.0	84
9	2	26	17	27	57	18.0	58.0	86
9	2	26	17	27	58	18.0	58.0	83
9	2	26	17	27	59	18.0	58.0	98
9	2	26	17	28	0	18.0	58.0	97
9	2	26	17	28	1	18.0	58.0	98
9	2	26	17	28	2	18.0	58.0	97
9	2	26	17	28	3	18.0	58.0	98
9	2	26	17	28	4	18.0	58.0	98
9	2	26	17	28	5	18.0	58.0	98
9	2	26	17	28	6	18.0	58.0	97
9	2	26	17	28	7	18.0	58.0	98
9	2	26	17	28	8	18.0	58.0	81
9	2	26	17	28	9	18.0	58.0	83
9	2	26	17	28	10	18.0	58.0	98
9	2	26	17	28	11	18.0	58.0	98
9	2	26	17	28	12	18.0	58.0	98
9	2	26	17	28	13	18.0	58.0	98
9	2	26	17	28	14	18.0	58.0	98
