Jour	Mois	Année	Heure	Minute	Seconde	Temp(°C) Hum(%) Lum(%)
2	5	26	22	11	35	0.0	0.0	0
2	5	26	22	11	36	23.0	68.0	13
2	5	26	22	11	37	23.0	68.0	13
2	5	26	22	11	38	23.0	68.0	13
2	5	26	22	11	39	23.0	68.0	13
2	5	26	22	11	40	23.0	68.0	13
2	5	26	22	11	41	23.0	68.0	13
2	5	26	22	11	42	23.0	68.0	13
2	5	26	22	11	43	23.0	68.0	13
2	5	26	22	11	44	23.0	68.0	13
2	5	26	22	11	45	23.0	68.0	13
2	5	26	22	11	46	23.0	68.0	13
2	5	26	22	11	47	23.0	68.0	11
2	5	26	22	11	48	23.0	68.0	4
2	5	26	22	11	49	23.0	68.0	5
2	5	26	22	11	50	23.0	68.0	12
2	5	26	22	11	51	23.0	68.0	13
2	5	26	22	11	52	23.2	79.0	12
2	5	26	22	11	53	23.2	79.0	13
2	5	26	22	11	54	23.3	85.0	13
2	5	26	22	11	55	23.3	85.0	12
2	5	26	22	11	56	23.3	85.0	3
2	5	26	22	11	57	23.3	87.0	5
2	5	26	22	11	58	23.3	87.0	5
2	5	26	22	11	59	23.3	89.0	5
2	5	26	22	12	0	23.3	89.0	5
2	5	26	22	12	1	23.5	94.0	5
2	5	26	22	12	2	23.5	94.0	5
2	5	26	22	12	3	23.8	97.0	5
2	5	26	22	12	4	23.8	97.0	5
2	5	26	22	12	5	23.8	97.0	5
2	5	26	22	12	6	24.0	98.0	5
2	5	26	22	12	7	24.0	98.0	7
2	5	26	22	12	8	24.3	99.0	13
2	5	26	22	12	9	24.3	99.0	12
2	5	26	22	12	10	24.4	99.0	12
2	5	26	22	12	11	24.4	99.0	13
2	5	26	22	12	12	24.4	99.0	12
2	5	26	22	12	13	24.5	99.0	12
2	5	26	22	12	14	24.5	99.0	12
2	5	26	22	12	15	24.5	99.0	13
2	5	26	22	12	16	24.5	99.0	13
2	5	26	22	12	17	24.4	99.0	13
2	5	26	22	12	18	24.4	99.0	13
2	5	26	22	12	19	24.4	99.0	13
2	5	26	22	12	20	24.4	99.0	13
2	5	26	22	12	21	24.4	99.0	12
2	5	26	22	12	22	24.3	98.0	12
2	5	26	22	12	23	24.3	98.0	12
2	5	26	22	12	24	24.2	94.0	12
2	5	26	22	12	25	24.2	94.0	12
2	5	26	22	12	26	24.2	90.0	12
2	5	26	22	12	27	24.2	90.0	13
2	5	26	22	12	28	24.2	90.0	13
2	5	26	22	12	29	24.2	85.0	13
2	5	26	22	12	30	24.2	85.0	13
2	5	26	22	12	31	24.1	82.0	13
2	5	26	22	12	32	24.1	82.0	13
2	5	26	22	12	33	24.1	78.0	13
2	5	26	22	12	34	24.1	78.0	13
2	5	26	22	12	35	24.0	75.0	13
2	5	26	22	12	36	24.0	75.0	13
2	5	26	22	12	37	24.0	75.0	12
2	5	26	22	12	38	24.0	73.0	13
2	5	26	22	12	39	24.0	73.0	13
2	5	26	22	12	40	24.0	71.0	13
2	5	26	22	12	41	24.0	71.0	12
2	5	26	22	12	42	24.0	70.0	13
2	5	26	22	12	43	24.0	70.0	13
2	5	26	22	12	44	24.0	70.0	13
2	5	26	22	12	45	24.0	69.0	13
2	5	26	22	12	46	24.0	69.0	12
2	5	26	22	12	47	24.0	69.0	13
2	5	26	22	12	48	24.0	69.0	12
2	5	26	22	12	49	24.0	68.0	13
2	5	26	22	12	50	24.0	68.0	12
2	5	26	22	12	51	23.9	68.0	12
2	5	26	22	12	52	23.9	68.0	13
2	5	26	22	12	53	23.9	68.0	13
2	5	26	22	12	54	23.9	68.0	13
2	5	26	22	12	55	23.9	67.0	13
2	5	26	22	12	56	23.9	67.0	13
2	5	26	22	12	57	23.9	67.0	12
2	5	26	22	12	58	23.9	67.0	12
2	5	26	22	12	59	23.9	67.0	12
2	5	26	22	13	0	23.8	67.0	12
2	5	26	22	13	1	23.8	67.0	12
2	5	26	22	13	2	23.8	67.0	13
2	5	26	22	13	3	23.8	67.0	12
2	5	26	22	13	4	23.8	67.0	13
2	5	26	22	13	5	23.8	67.0	13
2	5	26	22	13	6	23.8	67.0	13
2	5	26	22	13	7	23.8	67.0	13
2	5	26	22	13	8	23.8	67.0	13
2	5	26	22	13	9	23.7	67.0	13
2	5	26	22	13	10	23.7	67.0	13
2	5	26	22	13	11	23.7	67.0	13
2	5	26	22	13	12	23.7	67.0	13
2	5	26	22	13	13	23.7	67.0	12
2	5	26	22	13	14	23.7	67.0	12
2	5	26	22	13	15	23.7	67.0	12
2	5	26	22	13	16	23.6	67.0	12
2	5	26	22	13	17	23.6	67.0	12
2	5	26	22	13	18	23.6	66.0	12
2	5	26	22	13	19	23.6	66.0	12
2	5	26	22	13	20	23.6	66.0	12
2	5	26	22	13	21	23.6	66.0	12
2	5	26	22	13	22	23.6	66.0	12
2	5	26	22	13	23	23.6	66.0	12
2	5	26	22	13	24	23.6	66.0	12
2	5	26	22	13	25	23.6	66.0	12
2	5	26	22	13	26	23.6	66.0	12
2	5	26	22	13	27	23.6	66.0	13
2	5	26	22	13	28	23.6	66.0	12
2	5	26	22	13	29	23.6	66.0	13
2	5	26	22	13	30	23.6	66.0	12
2	5	26	22	13	31	23.6	66.0	13
2	5	26	22	13	32	23.6	66.0	13
2	5	26	22	13	33	23.6	66.0	12
2	5	26	22	13	34	23.6	66.0	13
2	5	26	22	13	35	23.6	66.0	13
2	5	26	22	13	36	23.5	67.0	13
2	5	26	22	13	37	23.5	67.0	13
2	5	26	22	13	38	23.5	67.0	13
2	5	26	22	13	39	23.5	67.0	12
2	5	26	22	13	40	23.5	67.0	12
2	5	26	22	13	41	23.5	67.0	13
2	5	26	22	13	42	23.5	67.0	13
2	5	26	22	13	43	23.5	67.0	13
2	5	26	22	13	44	23.5	67.0	12
2	5	26	22	13	45	23.5	67.0	12
2	5	26	22	13	46	23.5	67.0	13
2	5	26	22	13	47	23.5	67.0	12
2	5	26	22	13	48	23.5	67.0	12
2	5	26	22	13	49	23.5	67.0	12
2	5	26	22	13	50	23.5	67.0	12
2	5	26	22	13	51	23.5	67.0	13
2	5	26	22	13	52	23.5	67.0	12
2	5	26	22	13	53	23.5	67.0	13
2	5	26	22	13	54	23.5	67.0	13
2	5	26	22	13	55	23.5	67.0	12
2	5	26	22	13	56	23.4	67.0	13
2	5	26	22	13	57	23.4	67.0	13
2	5	26	22	13	58	23.4	67.0	12
2	5	26	22	13	59	23.4	67.0	12
2	5	26	22	14	0	23.4	67.0	12
2	5	26	22	14	1	23.4	67.0	13
2	5	26	22	14	2	23.4	67.0	13
2	5	26	22	14	3	23.4	67.0	12
2	5	26	22	14	4	23.4	67.0	12
2	5	26	22	14	5	23.4	67.0	12
2	5	26	22	14	6	23.4	67.0	12
2	5	26	22	14	7	23.4	67.0	13
2	5	26	22	14	8	23.4	67.0	12
2	5	26	22	14	9	23.4	67.0	13
2	5	26	22	14	10	23.4	67.0	13
2	5	26	22	14	11	23.4	67.0	13
2	5	26	22	14	12	23.4	67.0	13
2	5	26	22	14	13	23.4	67.0	12
