Jour	Mois	Année	Heure	Minute	Seconde	Temp(°C) Hum(%) Lum(%)
20	3	26	16	19	52	19.5	34.0	9
20	3	26	16	19	53	19.5	35.0	9
20	3	26	16	19	54	19.5	35.0	27
20	3	26	16	19	55	19.5	35.0	28
20	3	26	16	19	56	19.5	35.0	28
20	3	26	16	19	57	19.5	35.0	27
20	3	26	16	19	58	19.5	35.0	27
20	3	26	16	19	59	19.5	35.0	28
20	3	26	16	20	0	19.5	35.0	28
20	3	26	16	20	1	19.5	35.0	27
20	3	26	16	20	2	19.5	35.0	28
20	3	26	16	20	3	19.5	35.0	28
20	3	26	16	20	4	19.5	35.0	27
20	3	26	16	20	5	19.5	35.0	27
20	3	26	16	20	6	19.5	35.0	27
20	3	26	16	20	7	19.5	35.0	27
20	3	26	16	20	8	19.5	35.0	27
20	3	26	16	20	9	19.5	35.0	27
20	3	26	16	20	10	19.5	35.0	26
20	3	26	16	20	11	19.5	35.0	27
20	3	26	16	20	12	19.5	35.0	27
20	3	26	16	20	13	19.5	35.0	26
20	3	26	16	20	14	19.5	35.0	26
20	3	26	16	20	15	19.5	35.0	26
20	3	26	16	20	16	19.5	35.0	26
20	3	26	16	20	17	19.5	35.0	26
20	3	26	16	20	18	19.5	35.0	26
20	3	26	16	20	19	19.5	35.0	26
20	3	26	16	20	20	19.5	35.0	26
20	3	26	16	20	21	19.5	35.0	26
20	3	26	16	20	22	19.5	34.0	27
20	3	26	16	20	23	19.5	34.0	27
20	3	26	16	20	24	19.5	34.0	27
20	3	26	16	20	25	19.5	34.0	27
20	3	26	16	20	26	19.5	34.0	28
20	3	26	16	20	27	19.5	34.0	27
20	3	26	16	20	28	19.5	34.0	27
20	3	26	16	20	29	19.5	34.0	28
20	3	26	16	20	30	19.5	34.0	27
20	3	26	16	20	31	19.5	34.0	27
20	3	26	16	20	32	19.5	34.0	27
20	3	26	16	20	33	19.5	35.0	27
20	3	26	16	20	34	19.5	35.0	26
20	3	26	16	20	35	19.5	35.0	27
20	3	26	16	20	36	19.5	35.0	26
20	3	26	16	20	37	19.5	35.0	28
20	3	26	16	20	38	19.5	35.0	29
20	3	26	16	20	39	19.5	35.0	29
20	3	26	16	20	40	19.5	34.0	28
20	3	26	16	20	41	19.5	34.0	26
20	3	26	16	20	42	19.5	34.0	26
20	3	26	16	20	43	19.5	34.0	26
20	3	26	16	20	44	19.5	34.0	26
20	3	26	16	20	45	19.5	34.0	26
20	3	26	16	20	46	19.5	34.0	26
20	3	26	16	20	47	19.5	34.0	26
20	3	26	16	20	48	19.5	34.0	27
20	3	26	16	20	49	19.5	34.0	27
20	3	26	16	20	50	19.5	34.0	26
20	3	26	16	20	51	19.5	34.0	27
20	3	26	16	20	52	19.5	34.0	27
20	3	26	16	20	53	19.5	34.0	28
20	3	26	16	20	54	19.5	34.0	27
20	3	26	16	20	55	19.5	34.0	26
20	3	26	16	20	56	19.5	34.0	26
20	3	26	16	20	57	19.5	34.0	26
20	3	26	16	20	58	19.5	34.0	27
20	3	26	16	20	59	19.5	34.0	27
20	3	26	16	21	0	19.5	34.0	26
20	3	26	16	21	1	19.5	34.0	26
20	3	26	16	21	2	19.5	34.0	27
20	3	26	16	21	3	19.5	34.0	26
20	3	26	16	21	4	19.5	34.0	27
20	3	26	16	21	5	19.5	34.0	27
20	3	26	16	21	6	19.5	34.0	26
20	3	26	16	21	7	19.5	34.0	25
20	3	26	16	21	8	19.5	34.0	26
20	3	26	16	21	9	19.5	34.0	28
20	3	26	16	21	10	19.5	34.0	28
20	3	26	16	21	11	19.5	34.0	29
20	3	26	16	21	12	19.5	34.0	28
20	3	26	16	21	13	19.5	34.0	27
20	3	26	16	21	14	19.5	34.0	29
20	3	26	16	21	15	19.5	34.0	31
20	3	26	16	21	16	19.5	34.0	31
20	3	26	16	21	17	19.5	34.0	25
20	3	26	16	21	18	19.5	34.0	27
20	3	26	16	21	19	19.5	34.0	30
20	3	26	16	21	20	19.5	34.0	29
20	3	26	16	21	21	19.5	34.0	30
20	3	26	16	21	22	19.5	34.0	29
20	3	26	16	21	23	19.5	34.0	29
20	3	26	16	21	24	19.5	34.0	29
20	3	26	16	21	25	19.5	34.0	31
20	3	26	16	21	26	19.5	34.0	32
20	3	26	16	21	27	19.5	35.0	32
20	3	26	16	21	28	19.5	35.0	32
20	3	26	16	21	29	19.5	35.0	32
20	3	26	16	21	30	19.5	35.0	31
20	3	26	16	21	31	19.5	35.0	33
20	3	26	16	21	32	19.5	35.0	32
20	3	26	16	21	33	19.5	35.0	31
20	3	26	16	21	34	19.5	35.0	32
20	3	26	16	21	35	19.5	35.0	31
20	3	26	16	21	36	19.5	35.0	31
20	3	26	16	21	37	19.5	35.0	31
20	3	26	16	21	38	19.5	35.0	32
20	3	26	16	21	39	19.4	35.0	31
20	3	26	16	21	40	19.4	35.0	31
20	3	26	16	21	41	19.5	35.0	31
20	3	26	16	21	42	19.5	35.0	31
20	3	26	16	21	43	19.5	35.0	32
20	3	26	16	21	44	19.5	35.0	32
20	3	26	16	21	45	19.5	35.0	32
20	3	26	16	21	46	19.5	35.0	32
20	3	26	16	21	47	19.5	35.0	32
20	3	26	16	21	48	19.5	35.0	32
20	3	26	16	21	49	19.5	35.0	32
20	3	26	16	21	50	19.5	35.0	32
20	3	26	16	21	51	19.5	35.0	32
20	3	26	16	21	52	19.5	35.0	31
20	3	26	16	21	53	19.5	35.0	31
20	3	26	16	21	54	19.5	35.0	31
20	3	26	16	21	55	19.5	35.0	31
20	3	26	16	21	56	19.5	35.0	31
20	3	26	16	21	57	19.5	35.0	31
20	3	26	16	21	58	19.5	35.0	31
20	3	26	16	21	59	19.5	35.0	31
20	3	26	16	22	0	19.5	35.0	31
20	3	26	16	22	1	19.5	35.0	31
20	3	26	16	22	2	19.5	35.0	31
20	3	26	16	22	3	19.5	35.0	31
20	3	26	16	22	4	19.5	35.0	31
20	3	26	16	22	5	19.5	35.0	31
20	3	26	16	22	6	19.5	35.0	31
20	3	26	16	22	7	19.5	35.0	31
20	3	26	16	22	8	19.5	35.0	31
20	3	26	16	22	9	19.5	35.0	31
20	3	26	16	22	10	19.5	35.0	31
20	3	26	16	22	11	19.5	35.0	31
20	3	26	16	22	12	19.5	35.0	31
20	3	26	16	22	13	19.5	35.0	31
20	3	26	16	22	14	19.5	35.0	31
20	3	26	16	22	15	19.5	35.0	32
20	3	26	16	22	16	19.5	35.0	31
20	3	26	16	22	17	19.5	35.0	31
20	3	26	16	22	18	19.5	35.0	31
20	3	26	16	22	19	19.5	35.0	31
20	3	26	16	22	20	19.5	35.0	31
20	3	26	16	22	21	19.4	35.0	32
20	3	26	16	22	22	19.4	35.0	31
20	3	26	16	22	23	19.4	35.0	31
20	3	26	16	22	24	19.5	35.0	32
20	3	26	16	22	25	19.5	35.0	31
20	3	26	16	22	26	19.5	35.0	30
20	3	26	16	22	27	19.5	35.0	32
20	3	26	16	22	28	19.4	35.0	32
20	3	26	16	22	29	19.4	35.0	32
20	3	26	16	22	30	19.5	35.0	32
20	3	26	16	22	31	19.5	35.0	32
20	3	26	16	22	32	19.5	35.0	32
20	3	26	16	22	33	19.4	35.0	32
20	3	26	16	22	34	19.4	35.0	32
20	3	26	16	22	35	19.4	35.0	32
20	3	26	16	22	36	19.4	35.0	32
20	3	26	16	22	37	19.5	35.0	32
20	3	26	16	22	38	19.5	35.0	32
20	3	26	16	22	39	19.5	35.0	32
20	3	26	16	22	40	19.4	35.0	32
20	3	26	16	22	41	19.4	35.0	31
20	3	26	16	22	42	19.4	35.0	31
20	3	26	16	22	43	19.4	35.0	31
20	3	26	16	22	44	19.5	35.0	32
20	3	26	16	22	45	19.5	35.0	31
20	3	26	16	22	46	19.5	35.0	31
20	3	26	16	22	47	19.5	35.0	32
20	3	26	16	22	48	19.5	35.0	31
20	3	26	16	22	49	19.5	35.0	32
20	3	26	16	22	50	19.4	35.0	32
20	3	26	16	22	51	19.4	35.0	32
20	3	26	16	22	52	19.4	35.0	31
20	3	26	16	22	53	19.4	35.0	31
20	3	26	16	22	54	19.4	35.0	31
20	3	26	16	22	55	19.5	35.0	32
20	3	26	16	22	56	19.5	35.0	31
20	3	26	16	22	57	19.5	35.0	31
20	3	26	16	22	58	19.5	35.0	31
20	3	26	16	22	59	19.4	35.0	31
20	3	26	16	23	0	19.4	35.0	31
20	3	26	16	23	1	19.4	35.0	31
20	3	26	16	23	2	19.5	35.0	31
20	3	26	16	23	3	19.5	35.0	31
20	3	26	16	23	4	19.5	35.0	31
20	3	26	16	23	5	19.5	35.0	32
20	3	26	16	23	6	19.5	35.0	31
20	3	26	16	23	7	19.5	35.0	32
20	3	26	16	23	8	19.5	35.0	31
20	3	26	16	23	9	19.5	35.0	31
20	3	26	16	23	10	19.5	35.0	31
20	3	26	16	23	11	19.4	35.0	31
20	3	26	16	23	12	19.4	35.0	30
20	3	26	16	23	13	19.4	35.0	31
20	3	26	16	23	14	19.4	35.0	31
20	3	26	16	23	15	19.5	35.0	31
20	3	26	16	23	16	19.5	35.0	30
20	3	26	16	23	17	19.4	35.0	30
20	3	26	16	23	18	19.4	35.0	30
20	3	26	16	23	19	19.4	35.0	29
20	3	26	16	23	20	19.4	35.0	29
20	3	26	16	23	21	19.4	35.0	29
20	3	26	16	23	22	19.5	35.0	29
20	3	26	16	23	23	19.5	35.0	30
20	3	26	16	23	24	19.4	35.0	30
20	3	26	16	23	25	19.4	35.0	31
20	3	26	16	23	26	19.5	35.0	30
20	3	26	16	23	27	19.5	35.0	30
20	3	26	16	23	28	19.5	35.0	30
20	3	26	16	23	29	19.4	35.0	30
20	3	26	16	23	30	19.4	35.0	29
20	3	26	16	23	31	19.5	35.0	29
20	3	26	16	23	32	19.5	35.0	29
20	3	26	16	23	33	19.4	35.0	29
20	3	26	16	23	34	19.4	35.0	29
20	3	26	16	23	35	19.4	35.0	29
20	3	26	16	23	36	19.4	35.0	30
20	3	26	16	23	37	19.4	35.0	29
20	3	26	16	23	38	19.4	35.0	29
20	3	26	16	23	39	19.4	35.0	28
20	3	26	16	23	40	19.4	35.0	28
20	3	26	16	23	41	19.4	35.0	23
20	3	26	16	23	42	19.4	35.0	24
20	3	26	16	23	43	19.4	35.0	24
20	3	26	16	23	44	19.5	35.0	23
20	3	26	16	23	45	19.5	35.0	23
20	3	26	16	23	46	19.5	35.0	24
20	3	26	16	23	47	19.4	35.0	23
20	3	26	16	23	48	19.4	35.0	23
20	3	26	16	23	49	19.4	35.0	23
20	3	26	16	23	50	19.4	35.0	22
20	3	26	16	23	51	19.4	35.0	26
20	3	26	16	23	52	19.4	35.0	27
20	3	26	16	23	53	19.4	35.0	28
20	3	26	16	23	54	19.4	35.0	28
20	3	26	16	23	55	19.4	35.0	28
20	3	26	16	23	56	19.4	35.0	28
20	3	26	16	23	57	19.4	35.0	28
20	3	26	16	23	58	19.4	35.0	29
20	3	26	16	23	59	19.4	35.0	28
20	3	26	16	24	0	19.4	35.0	32
20	3	26	16	24	1	19.4	35.0	32
20	3	26	16	24	2	19.4	35.0	31
20	3	26	16	24	3	19.4	35.0	29
20	3	26	16	24	4	19.4	35.0	28
20	3	26	16	24	5	19.4	35.0	30
20	3	26	16	24	6	19.4	35.0	29
20	3	26	16	24	7	19.4	35.0	30
20	3	26	16	24	8	19.4	35.0	30
20	3	26	16	24	9	19.4	35.0	30
20	3	26	16	24	10	19.4	35.0	30
20	3	26	16	24	11	19.4	35.0	29
20	3	26	16	24	12	19.4	35.0	28
20	3	26	16	24	13	19.4	35.0	29
20	3	26	16	24	14	19.5	35.0	29
20	3	26	16	24	15	19.5	35.0	29
20	3	26	16	24	16	19.4	35.0	31
20	3	26	16	24	17	19.4	35.0	32
20	3	26	16	24	18	19.4	35.0	31
20	3	26	16	24	19	19.4	35.0	31
20	3	26	16	24	20	19.4	35.0	31
20	3	26	16	24	21	19.5	35.0	31
20	3	26	16	24	22	19.5	35.0	30
20	3	26	16	24	23	19.4	35.0	28
20	3	26	16	24	24	19.4	35.0	30
20	3	26	16	24	25	19.4	35.0	29
20	3	26	16	24	26	19.4	35.0	30
20	3	26	16	24	27	19.4	35.0	31
20	3	26	16	24	28	19.4	35.0	31
20	3	26	16	24	29	19.4	35.0	30
20	3	26	16	24	30	19.4	35.0	31
20	3	26	16	24	31	19.4	35.0	31
20	3	26	16	24	32	19.4	35.0	31
20	3	26	16	24	33	19.4	35.0	31
20	3	26	16	24	34	19.5	35.0	31
20	3	26	16	24	35	19.5	35.0	31
20	3	26	16	24	36	19.5	35.0	31
20	3	26	16	24	37	19.5	35.0	31
20	3	26	16	24	38	19.5	35.0	31
20	3	26	16	24	39	19.5	35.0	31
20	3	26	16	24	40	19.5	35.0	30
20	3	26	16	24	41	19.5	35.0	31
20	3	26	16	24	42	19.5	35.0	27
20	3	26	16	24	43	19.4	35.0	27
20	3	26	16	24	44	19.4	35.0	25
20	3	26	16	24	45	19.4	35.0	29
20	3	26	16	24	46	19.4	35.0	29
20	3	26	16	24	47	19.4	35.0	29
20	3	26	16	24	48	19.4	35.0	30
20	3	26	16	24	49	19.5	35.0	31
20	3	26	16	24	50	19.5	35.0	31
20	3	26	16	24	51	19.5	35.0	31
20	3	26	16	24	52	19.5	35.0	31
20	3	26	16	24	53	19.5	35.0	30
20	3	26	16	24	54	19.5	35.0	29
20	3	26	16	24	55	19.5	35.0	30
20	3	26	16	24	56	19.4	35.0	29
20	3	26	16	24	57	19.4	35.0	29
20	3	26	16	24	58	19.5	35.0	28
20	3	26	16	24	59	19.5	35.0	28
20	3	26	16	25	0	19.5	35.0	28
20	3	26	16	25	1	19.4	35.0	29
20	3	26	16	25	2	19.4	35.0	29
20	3	26	16	25	3	19.5	35.0	29
20	3	26	16	25	4	19.5	35.0	30
20	3	26	16	25	5	19.5	35.0	29
20	3	26	16	25	6	19.5	35.0	30
20	3	26	16	25	7	19.5	35.0	29
20	3	26	16	25	8	19.5	35.0	29
20	3	26	16	25	9	19.5	35.0	29
20	3	26	16	25	10	19.5	35.0	29
20	3	26	16	25	11	19.5	35.0	30
20	3	26	16	25	12	19.5	35.0	22
20	3	26	16	25	13	19.5	35.0	29
20	3	26	16	25	14	19.5	35.0	29
20	3	26	16	25	15	19.5	35.0	28
20	3	26	16	25	16	19.5	35.0	28
20	3	26	16	25	17	19.5	35.0	29
20	3	26	16	25	18	19.5	35.0	28
20	3	26	16	25	19	19.4	35.0	28
20	3	26	16	25	20	19.4	35.0	28
20	3	26	16	25	21	19.5	35.0	28
20	3	26	16	25	22	19.5	35.0	28
20	3	26	16	25	23	19.5	35.0	28
20	3	26	16	25	24	19.5	35.0	29
20	3	26	16	25	25	19.5	35.0	29
20	3	26	16	25	26	19.5	35.0	28
20	3	26	16	25	27	19.5	35.0	29
20	3	26	16	25	28	19.5	35.0	29
20	3	26	16	25	29	19.5	35.0	28
20	3	26	16	25	30	19.5	35.0	29
20	3	26	16	25	31	19.5	35.0	29
20	3	26	16	25	32	19.5	35.0	28
20	3	26	16	25	33	19.5	35.0	29
20	3	26	16	25	34	19.5	35.0	27
20	3	26	16	25	35	19.5	35.0	27
20	3	26	16	25	36	19.5	35.0	28
20	3	26	16	25	37	19.5	35.0	28
20	3	26	16	25	38	19.5	35.0	29
20	3	26	16	25	39	19.5	35.0	28
20	3	26	16	25	40	19.5	35.0	29
20	3	26	16	25	41	19.5	35.0	30
20	3	26	16	25	42	19.5	35.0	30
20	3	26	16	25	43	19.5	35.0	30
20	3	26	16	25	44	19.5	35.0	29
20	3	26	16	25	45	19.5	35.0	28
20	3	26	16	25	46	19.5	35.0	28
20	3	26	16	25	47	19.5	35.0	28
20	3	26	16	25	48	19.5	35.0	28
20	3	26	16	25	49	19.5	35.0	29
20	3	26	16	25	50	19.5	35.0	29
20	3	26	16	25	51	19.5	35.0	29
20	3	26	16	25	52	19.5	35.0	29
20	3	26	16	25	53	19.5	35.0	29
20	3	26	16	25	54	19.5	35.0	34
20	3	26	16	25	55	19.5	35.0	29
20	3	26	16	25	56	19.5	35.0	28
20	3	26	16	25	57	19.5	35.0	29
20	3	26	16	25	58	19.5	35.0	28
20	3	26	16	25	59	19.5	35.0	29
20	3	26	16	26	0	19.5	35.0	28
20	3	26	16	26	1	19.5	35.0	26
20	3	26	16	26	2	19.5	35.0	27
20	3	26	16	26	3	19.5	35.0	27
20	3	26	16	26	4	19.5	35.0	30
20	3	26	16	26	5	19.5	35.0	31
20	3	26	16	26	6	19.5	35.0	29
20	3	26	16	26	7	19.5	35.0	28
20	3	26	16	26	8	19.5	35.0	30
20	3	26	16	26	9	19.5	35.0	30
20	3	26	16	26	10	19.5	35.0	31
20	3	26	16	26	11	19.5	35.0	29
20	3	26	16	26	12	19.5	35.0	27
20	3	26	16	26	13	19.5	35.0	31
20	3	26	16	26	14	19.5	35.0	34
20	3	26	16	26	15	19.5	35.0	33
20	3	26	16	26	16	19.5	35.0	30
20	3	26	16	26	17	19.5	35.0	31
20	3	26	16	26	18	19.5	35.0	31
20	3	26	16	26	19	19.5	35.0	32
20	3	26	16	26	20	19.5	35.0	31
20	3	26	16	26	21	19.5	35.0	30
20	3	26	16	26	22	19.5	35.0	30
20	3	26	16	26	23	19.5	35.0	30
20	3	26	16	26	24	19.5	35.0	29
20	3	26	16	26	25	19.5	35.0	29
20	3	26	16	26	26	19.5	35.0	29
20	3	26	16	26	27	19.5	35.0	28
20	3	26	16	26	28	19.5	35.0	29
20	3	26	16	26	29	19.5	35.0	29
20	3	26	16	26	30	19.5	35.0	33
20	3	26	16	26	31	19.5	35.0	29
20	3	26	16	26	32	19.5	35.0	29
20	3	26	16	26	33	19.5	35.0	28
20	3	26	16	26	34	19.5	35.0	29
20	3	26	16	26	35	19.5	35.0	29
20	3	26	16	26	36	19.5	35.0	30
20	3	26	16	26	37	19.5	35.0	30
20	3	26	16	26	38	19.5	35.0	25
20	3	26	16	26	39	19.5	35.0	28
20	3	26	16	26	40	19.5	35.0	28
20	3	26	16	26	41	19.5	35.0	29
20	3	26	16	26	42	19.5	35.0	31
20	3	26	16	26	43	19.5	35.0	27
20	3	26	16	26	44	19.5	35.0	26
20	3	26	16	26	45	19.5	35.0	26
20	3	26	16	26	46	19.5	35.0	27
20	3	26	16	26	47	19.5	35.0	27
20	3	26	16	26	48	19.5	35.0	27
20	3	26	16	26	49	19.5	35.0	28
20	3	26	16	26	50	19.5	35.0	27
20	3	26	16	26	51	19.5	35.0	27
20	3	26	16	26	52	19.5	35.0	26
20	3	26	16	26	53	19.5	35.0	27
20	3	26	16	26	54	19.5	35.0	24
20	3	26	16	26	55	19.5	35.0	24
20	3	26	16	26	56	19.5	35.0	25
20	3	26	16	26	57	19.5	35.0	24
20	3	26	16	26	58	19.5	35.0	25
20	3	26	16	26	59	19.5	35.0	22
20	3	26	16	27	0	19.5	35.0	22
20	3	26	16	27	1	19.5	35.0	22
20	3	26	16	27	2	19.5	35.0	23
20	3	26	16	27	3	19.5	35.0	23
20	3	26	16	27	4	19.5	35.0	23
20	3	26	16	27	5	19.5	35.0	23
20	3	26	16	27	6	19.5	35.0	22
20	3	26	16	27	7	19.5	35.0	23
20	3	26	16	27	8	19.5	35.0	24
20	3	26	16	27	9	19.5	35.0	19
20	3	26	16	27	10	19.5	35.0	19
20	3	26	16	27	11	19.5	35.0	19
20	3	26	16	27	12	19.5	35.0	20
20	3	26	16	27	13	19.5	35.0	18
20	3	26	16	27	14	19.5	35.0	23
20	3	26	16	27	15	19.5	35.0	22
20	3	26	16	27	16	19.5	35.0	22
20	3	26	16	27	17	19.5	35.0	22
20	3	26	16	27	18	19.5	35.0	23
20	3	26	16	27	19	19.5	35.0	23
20	3	26	16	27	20	19.5	35.0	23
20	3	26	16	27	21	19.5	35.0	23
20	3	26	16	27	22	19.5	35.0	21
20	3	26	16	27	23	19.5	35.0	21
20	3	26	16	27	24	19.5	35.0	21
20	3	26	16	27	25	19.5	35.0	21
20	3	26	16	27	26	19.5	35.0	22
20	3	26	16	27	27	19.5	35.0	22
20	3	26	16	27	28	19.5	35.0	21
20	3	26	16	27	29	19.5	35.0	21
20	3	26	16	27	30	19.5	35.0	23
20	3	26	16	27	31	19.5	35.0	23
20	3	26	16	27	32	19.5	35.0	20
20	3	26	16	27	33	19.5	35.0	21
20	3	26	16	27	34	19.5	35.0	22
20	3	26	16	27	35	19.5	35.0	24
20	3	26	16	27	36	19.5	35.0	23
20	3	26	16	27	37	19.5	35.0	23
20	3	26	16	27	38	19.5	35.0	20
20	3	26	16	27	39	19.5	35.0	18
20	3	26	16	27	40	19.5	35.0	20
20	3	26	16	27	41	19.5	35.0	22
20	3	26	16	27	42	19.5	35.0	22
20	3	26	16	27	43	19.5	35.0	45
20	3	26	16	27	44	19.5	35.0	76
20	3	26	16	27	45	19.5	35.0	80
20	3	26	16	27	46	19.5	35.0	46
20	3	26	16	27	47	19.5	35.0	93
20	3	26	16	27	48	19.5	35.0	94
20	3	26	16	27	49	19.5	35.0	82
20	3	26	16	27	50	19.5	35.0	89
20	3	26	16	27	51	19.5	35.0	62
20	3	26	16	27	52	19.5	35.0	97
20	3	26	16	27	53	19.5	35.0	61
20	3	26	16	27	54	19.5	35.0	94
20	3	26	16	27	55	19.5	35.0	98
20	3	26	16	27	56	19.5	35.0	97
20	3	26	16	27	57	19.5	35.0	98
20	3	26	16	27	58	19.5	35.0	77
20	3	26	16	27	59	19.5	35.0	89
20	3	26	16	28	0	19.5	35.0	98
20	3	26	16	28	1	19.5	35.0	97
20	3	26	16	28	2	19.5	35.0	86
20	3	26	16	28	3	19.5	35.0	97
20	3	26	16	28	4	19.5	35.0	98
20	3	26	16	28	5	19.5	35.0	97
20	3	26	16	28	6	19.5	35.0	98
20	3	26	16	28	7	19.5	35.0	97
20	3	26	16	28	8	19.5	35.0	98
20	3	26	16	28	9	19.5	35.0	97
20	3	26	16	28	10	19.5	35.0	79
20	3	26	16	28	11	19.5	35.0	98
20	3	26	16	28	12	19.5	35.0	97
20	3	26	16	28	13	19.5	35.0	98
20	3	26	16	28	14	19.5	35.0	73
20	3	26	16	28	15	19.5	35.0	98
20	3	26	16	28	16	19.5	35.0	98
20	3	26	16	28	17	19.5	35.0	98
20	3	26	16	28	18	19.5	35.0	98
20	3	26	16	28	19	19.5	35.0	98
20	3	26	16	28	20	19.5	35.0	98
20	3	26	16	28	21	19.5	35.0	63
20	3	26	16	28	22	19.5	35.0	98
20	3	26	16	28	23	19.5	35.0	98
20	3	26	16	28	24	19.5	35.0	77
20	3	26	16	28	25	19.5	35.0	98
20	3	26	16	28	26	19.5	35.0	97
20	3	26	16	28	27	19.5	35.0	98
20	3	26	16	28	28	19.5	35.0	98
20	3	26	16	28	29	19.5	35.0	98
20	3	26	16	28	30	19.5	35.0	97
20	3	26	16	28	31	19.5	35.0	98
20	3	26	16	28	32	19.5	35.0	97
20	3	26	16	28	33	19.5	35.0	95
20	3	26	16	28	34	19.5	35.0	97
20	3	26	16	28	35	19.5	35.0	97
20	3	26	16	28	36	19.5	35.0	98
20	3	26	16	28	37	19.5	35.0	98
20	3	26	16	28	38	19.5	35.0	97
20	3	26	16	28	39	19.5	35.0	98
20	3	26	16	28	40	19.5	35.0	95
20	3	26	16	28	41	19.5	35.0	97
20	3	26	16	28	42	19.5	35.0	98
20	3	26	16	28	43	19.5	35.0	97
20	3	26	16	28	44	19.5	35.0	97
20	3	26	16	28	45	19.5	35.0	98
20	3	26	16	28	46	19.5	35.0	97
20	3	26	16	28	47	19.5	35.0	91
20	3	26	16	28	48	19.5	35.0	98
20	3	26	16	28	49	19.5	35.0	97
20	3	26	16	28	50	19.5	35.0	97
20	3	26	16	28	51	19.5	35.0	97
20	3	26	16	28	52	19.5	35.0	98
20	3	26	16	28	53	19.5	35.0	83
20	3	26	16	28	54	19.5	35.0	97
20	3	26	16	28	55	19.5	35.0	98
20	3	26	16	28	56	19.5	35.0	93
20	3	26	16	28	57	19.5	35.0	98
20	3	26	16	28	58	19.5	35.0	98
20	3	26	16	28	59	19.5	35.0	93
20	3	26	16	29	0	19.5	35.0	93
20	3	26	16	29	1	19.5	35.0	88
20	3	26	16	29	2	19.5	35.0	98
20	3	26	16	29	3	19.5	35.0	91
20	3	26	16	29	4	19.5	35.0	97
20	3	26	16	29	5	19.5	35.0	98
20	3	26	16	29	6	19.5	35.0	88
20	3	26	16	29	7	19.5	35.0	98
20	3	26	16	29	8	19.5	35.0	96
20	3	26	16	29	9	19.5	35.0	85
20	3	26	16	29	10	19.5	35.0	98
20	3	26	16	29	11	19.5	35.0	98
20	3	26	16	29	12	19.5	35.0	98
20	3	26	16	29	13	19.5	35.0	97
20	3	26	16	29	14	19.5	35.0	98
20	3	26	16	29	15	19.5	35.0	97
20	3	26	16	29	16	19.5	35.0	98
20	3	26	16	29	17	19.5	35.0	97
20	3	26	16	29	18	19.5	35.0	97
20	3	26	16	29	19	19.5	35.0	98
20	3	26	16	29	20	19.5	35.0	98
20	3	26	16	29	21	19.5	35.0	94
20	3	26	16	29	22	19.5	35.0	97
20	3	26	16	29	23	19.5	35.0	98
20	3	26	16	29	24	19.5	35.0	98
20	3	26	16	29	25	19.5	35.0	98
20	3	26	16	29	26	19.5	35.0	98
20	3	26	16	29	27	19.5	35.0	81
20	3	26	16	29	28	19.5	35.0	97
20	3	26	16	29	29	19.5	35.0	81
20	3	26	16	29	30	19.5	35.0	98
20	3	26	16	29	31	19.5	35.0	98
20	3	26	16	29	32	19.5	35.0	98
20	3	26	16	29	33	19.5	35.0	92
20	3	26	16	29	34	19.5	35.0	97
20	3	26	16	29	35	19.5	35.0	89
20	3	26	16	29	36	19.5	35.0	98
20	3	26	16	29	37	19.5	35.0	98
20	3	26	16	29	38	19.5	35.0	81
20	3	26	16	29	39	19.5	35.0	97
20	3	26	16	29	40	19.5	35.0	98
20	3	26	16	29	41	19.5	35.0	98
20	3	26	16	29	42	19.5	35.0	98
20	3	26	16	29	43	19.5	35.0	98
20	3	26	16	29	44	19.5	35.0	97
20	3	26	16	29	45	19.5	35.0	98
20	3	26	16	29	46	19.5	35.0	91
20	3	26	16	29	47	19.5	35.0	98
20	3	26	16	29	48	19.5	35.0	97
20	3	26	16	29	49	19.5	35.0	97
20	3	26	16	29	50	19.5	35.0	88
20	3	26	16	29	51	19.5	35.0	98
20	3	26	16	29	52	19.5	35.0	98
20	3	26	16	29	53	19.5	35.0	98
20	3	26	16	29	54	19.5	35.0	83
20	3	26	16	29	55	19.5	35.0	98
20	3	26	16	29	56	19.5	35.0	98
20	3	26	16	29	57	19.5	35.0	97
20	3	26	16	29	58	19.5	35.0	98
20	3	26	16	29	59	19.5	35.0	98
20	3	26	16	30	0	19.5	35.0	98
20	3	26	16	30	1	19.5	35.0	98
20	3	26	16	30	2	19.5	35.0	98
20	3	26	16	30	3	19.5	35.0	98
20	3	26	16	30	4	19.5	35.0	98
20	3	26	16	30	5	19.5	35.0	98
20	3	26	16	30	6	19.5	35.0	98
20	3	26	16	30	7	19.5	35.0	98
20	3	26	16	30	8	19.5	35.0	97
20	3	26	16	30	9	19.5	35.0	98
20	3	26	16	30	10	19.5	35.0	87
20	3	26	16	30	11	19.5	35.0	98
20	3	26	16	30	12	19.5	35.0	98
20	3	26	16	30	13	19.5	35.0	98
20	3	26	16	30	14	19.5	35.0	98
20	3	26	16	30	15	19.5	35.0	98
20	3	26	16	30	16	19.5	35.0	97
20	3	26	16	30	17	19.5	35.0	87
20	3	26	16	30	18	19.5	35.0	97
20	3	26	16	30	19	19.5	35.0	97
20	3	26	16	30	20	19.5	35.0	97
20	3	26	16	30	21	19.5	35.0	98
20	3	26	16	30	22	19.5	35.0	97
20	3	26	16	30	23	19.5	35.0	97
20	3	26	16	30	24	19.5	35.0	98
20	3	26	16	30	25	19.5	35.0	91
20	3	26	16	30	26	19.5	35.0	97
20	3	26	16	30	27	19.5	35.0	97
20	3	26	16	30	28	19.5	35.0	97
20	3	26	16	30	29	19.5	35.0	93
20	3	26	16	30	30	19.5	35.0	98
20	3	26	16	30	31	19.5	35.0	97
20	3	26	16	30	32	19.5	35.0	98
20	3	26	16	30	33	19.5	35.0	92
20	3	26	16	30	34	19.5	35.0	97
20	3	26	16	30	35	19.5	35.0	93
20	3	26	16	30	36	19.5	35.0	98
20	3	26	16	30	37	19.5	35.0	98
20	3	26	16	30	38	19.5	35.0	85
20	3	26	16	30	39	19.5	35.0	98
20	3	26	16	30	40	19.5	35.0	98
20	3	26	16	30	41	19.5	35.0	97
20	3	26	16	30	42	19.5	35.0	98
20	3	26	16	30	43	19.5	35.0	97
20	3	26	16	30	44	19.5	35.0	97
20	3	26	16	30	45	19.5	35.0	97
20	3	26	16	30	46	19.5	35.0	97
20	3	26	16	30	47	19.5	35.0	98
20	3	26	16	30	48	19.5	35.0	89
20	3	26	16	30	49	19.5	35.0	98
20	3	26	16	30	50	19.5	35.0	98
20	3	26	16	30	51	19.5	35.0	98
20	3	26	16	30	52	19.5	35.0	97
20	3	26	16	30	53	19.5	35.0	97
20	3	26	16	30	54	19.5	35.0	96
20	3	26	16	30	55	19.5	35.0	98
20	3	26	16	30	56	19.5	35.0	98
20	3	26	16	30	57	19.5	35.0	97
20	3	26	16	30	58	19.5	35.0	97
20	3	26	16	30	59	19.5	35.0	97
20	3	26	16	31	0	19.5	35.0	97
20	3	26	16	31	1	19.5	35.0	98
20	3	26	16	31	2	19.5	35.0	97
20	3	26	16	31	3	19.6	35.0	98
20	3	26	16	31	4	19.6	35.0	91
20	3	26	16	31	5	19.5	35.0	96
20	3	26	16	31	6	19.5	35.0	98
20	3	26	16	31	7	19.5	35.0	91
20	3	26	16	31	8	19.5	35.0	98
20	3	26	16	31	9	19.6	35.0	97
20	3	26	16	31	10	19.6	35.0	97
20	3	26	16	31	11	19.6	35.0	98
20	3	26	16	31	12	19.5	35.0	98
20	3	26	16	31	13	19.5	35.0	98
20	3	26	16	31	14	19.5	35.0	98
20	3	26	16	31	15	19.5	35.0	91
20	3	26	16	31	16	19.6	35.0	98
20	3	26	16	31	17	19.6	35.0	97
20	3	26	16	31	18	19.5	35.0	98
20	3	26	16	31	19	19.5	35.0	93
20	3	26	16	31	20	19.5	35.0	98
20	3	26	16	31	21	19.5	35.0	97
20	3	26	16	31	22	19.5	35.0	97
20	3	26	16	31	23	19.5	35.0	97
20	3	26	16	31	24	19.5	35.0	97
20	3	26	16	31	25	19.5	35.0	97
20	3	26	16	31	26	19.5	35.0	98
20	3	26	16	31	27	19.5	35.0	98
20	3	26	16	31	28	19.5	35.0	91
20	3	26	16	31	29	19.5	35.0	98
20	3	26	16	31	30	19.5	35.0	97
20	3	26	16	31	31	19.5	35.0	97
20	3	26	16	31	32	19.5	35.0	98
20	3	26	16	31	33	19.5	35.0	95
20	3	26	16	31	34	19.5	35.0	98
20	3	26	16	31	35	19.5	35.0	97
20	3	26	16	31	36	19.5	35.0	88
20	3	26	16	31	37	19.6	35.0	98
20	3	26	16	31	38	19.6	35.0	98
20	3	26	16	31	39	19.6	35.0	97
20	3	26	16	31	40	19.6	35.0	98
20	3	26	16	31	41	19.6	35.0	97
20	3	26	16	31	42	19.6	35.0	98
20	3	26	16	31	43	19.5	35.0	90
20	3	26	16	31	44	19.5	35.0	98
20	3	26	16	31	45	19.5	35.0	97
20	3	26	16	31	46	19.6	35.0	98
20	3	26	16	31	47	19.6	35.0	98
20	3	26	16	31	48	19.6	35.0	98
20	3	26	16	31	49	19.6	35.0	97
20	3	26	16	31	50	19.6	35.0	90
20	3	26	16	31	51	19.6	35.0	94
20	3	26	16	31	52	19.6	35.0	97
20	3	26	16	31	53	19.6	35.0	97
20	3	26	16	31	54	19.6	35.0	88
20	3	26	16	31	55	19.6	35.0	95
20	3	26	16	31	56	19.6	35.0	97
20	3	26	16	31	57	19.6	35.0	95
20	3	26	16	31	58	19.6	35.0	98
20	3	26	16	31	59	19.6	35.0	98
20	3	26	16	32	0	19.6	35.0	98
20	3	26	16	32	1	19.6	35.0	98
20	3	26	16	32	2	19.6	35.0	98
20	3	26	16	32	3	19.6	35.0	97
20	3	26	16	32	4	19.6	35.0	97
20	3	26	16	32	5	19.6	35.0	98
20	3	26	16	32	6	19.5	35.0	98
20	3	26	16	32	7	19.5	35.0	98
20	3	26	16	32	8	19.6	35.0	92
20	3	26	16	32	9	19.6	35.0	91
20	3	26	16	32	10	19.6	35.0	98
20	3	26	16	32	11	19.6	35.0	98
20	3	26	16	32	12	19.6	35.0	89
20	3	26	16	32	13	19.6	35.0	98
20	3	26	16	32	14	19.6	35.0	97
20	3	26	16	32	15	19.6	35.0	92
20	3	26	16	32	16	19.6	35.0	95
20	3	26	16	32	17	19.6	35.0	98
20	3	26	16	32	18	19.6	35.0	98
20	3	26	16	32	19	19.6	35.0	98
20	3	26	16	32	20	19.6	35.0	97
20	3	26	16	32	21	19.6	35.0	90
20	3	26	16	32	22	19.6	35.0	98
20	3	26	16	32	23	19.6	35.0	97
20	3	26	16	32	24	19.6	35.0	88
20	3	26	16	32	25	19.6	35.0	87
20	3	26	16	32	26	19.6	35.0	98
20	3	26	16	32	27	19.6	35.0	88
20	3	26	16	32	28	19.6	35.0	98
20	3	26	16	32	29	19.6	35.0	98
20	3	26	16	32	30	19.6	35.0	98
20	3	26	16	32	31	19.6	35.0	97
20	3	26	16	32	32	19.6	35.0	89
20	3	26	16	32	33	19.6	35.0	90
20	3	26	16	32	34	19.6	35.0	93
20	3	26	16	32	35	19.6	35.0	90
20	3	26	16	32	36	19.6	35.0	88
20	3	26	16	32	37	19.6	35.0	98
20	3	26	16	32	38	19.6	35.0	97
20	3	26	16	32	39	19.6	35.0	98
20	3	26	16	32	40	19.6	35.0	90
20	3	26	16	32	41	19.6	35.0	97
20	3	26	16	32	42	19.6	35.0	89
20	3	26	16	32	43	19.6	35.0	98
20	3	26	16	32	44	19.6	35.0	98
20	3	26	16	32	45	19.6	35.0	98
20	3	26	16	32	46	19.6	35.0	97
20	3	26	16	32	47	19.6	35.0	98
20	3	26	16	32	48	19.6	35.0	98
20	3	26	16	32	49	19.6	35.0	98
20	3	26	16	32	50	19.6	35.0	98
20	3	26	16	32	51	19.6	35.0	98
20	3	26	16	32	52	19.6	35.0	97
20	3	26	16	32	53	19.6	35.0	98
20	3	26	16	32	54	19.6	35.0	98
20	3	26	16	32	55	19.6	35.0	98
20	3	26	16	32	56	19.6	35.0	98
20	3	26	16	32	57	19.6	35.0	98
20	3	26	16	32	58	19.6	35.0	98
20	3	26	16	32	59	19.6	35.0	97
20	3	26	16	33	0	19.6	35.0	98
20	3	26	16	33	1	19.6	35.0	97
20	3	26	16	33	2	19.6	35.0	98
20	3	26	16	33	3	19.6	35.0	97
20	3	26	16	33	4	19.6	35.0	87
20	3	26	16	33	5	19.6	35.0	97
20	3	26	16	33	6	19.6	35.0	98
20	3	26	16	33	7	19.6	35.0	97
20	3	26	16	33	8	19.6	35.0	98
20	3	26	16	33	9	19.6	35.0	97
20	3	26	16	33	10	19.6	35.0	98
20	3	26	16	33	11	19.6	35.0	98
20	3	26	16	33	12	19.6	35.0	98
20	3	26	16	33	13	19.6	35.0	98
20	3	26	16	33	14	19.6	35.0	97
20	3	26	16	33	15	19.6	35.0	97
20	3	26	16	33	16	19.6	35.0	91
20	3	26	16	33	17	19.6	35.0	97
20	3	26	16	33	18	19.6	35.0	98
20	3	26	16	33	19	19.6	35.0	98
20	3	26	16	33	20	19.6	35.0	98
20	3	26	16	33	21	19.6	35.0	98
20	3	26	16	33	22	19.6	35.0	97
20	3	26	16	33	23	19.6	35.0	97
20	3	26	16	33	24	19.6	35.0	97
20	3	26	16	33	25	19.6	35.0	97
20	3	26	16	33	26	19.6	35.0	97
20	3	26	16	33	27	19.6	35.0	97
20	3	26	16	33	28	19.6	35.0	98
20	3	26	16	33	29	19.6	35.0	98
20	3	26	16	33	30	19.6	35.0	95
20	3	26	16	33	31	19.6	35.0	98
20	3	26	16	33	32	19.6	35.0	98
20	3	26	16	33	33	19.6	35.0	91
20	3	26	16	33	34	19.6	35.0	92
20	3	26	16	33	35	19.6	35.0	98
20	3	26	16	33	36	19.6	35.0	98
20	3	26	16	33	37	19.6	35.0	97
20	3	26	16	33	38	19.6	35.0	98
20	3	26	16	33	39	19.6	35.0	98
20	3	26	16	33	40	19.6	35.0	98
20	3	26	16	33	41	19.6	35.0	98
20	3	26	16	33	42	19.6	35.0	98
20	3	26	16	33	43	19.6	35.0	98
20	3	26	16	33	44	19.6	35.0	97
20	3	26	16	33	45	19.6	35.0	96
20	3	26	16	33	46	19.6	35.0	97
20	3	26	16	33	47	19.6	35.0	98
20	3	26	16	33	48	19.6	35.0	92
20	3	26	16	33	49	19.6	35.0	98
20	3	26	16	33	50	19.6	35.0	98
20	3	26	16	33	51	19.6	35.0	98
20	3	26	16	33	52	19.6	35.0	97
20	3	26	16	33	53	19.6	35.0	98
20	3	26	16	33	54	19.6	35.0	98
20	3	26	16	33	55	19.6	35.0	98
20	3	26	16	33	56	19.6	35.0	95
20	3	26	16	33	57	19.6	35.0	92
20	3	26	16	33	58	19.6	35.0	98
20	3	26	16	33	59	19.6	35.0	97
20	3	26	16	34	0	19.6	35.0	94
20	3	26	16	34	1	19.6	35.0	93
20	3	26	16	34	2	19.6	35.0	98
20	3	26	16	34	3	19.7	35.0	98
20	3	26	16	34	4	19.7	35.0	95
20	3	26	16	34	5	19.6	35.0	98
20	3	26	16	34	6	19.6	35.0	98
20	3	26	16	34	7	19.7	35.0	98
20	3	26	16	34	8	19.7	35.0	98
20	3	26	16	34	9	19.7	35.0	98
20	3	26	16	34	10	19.6	35.0	98
20	3	26	16	34	11	19.6	35.0	98
20	3	26	16	34	12	19.6	35.0	97
20	3	26	16	34	13	19.6	35.0	98
20	3	26	16	34	14	19.6	35.0	98
20	3	26	16	34	15	19.6	35.0	97
20	3	26	16	34	16	19.6	35.0	97
20	3	26	16	34	17	19.7	35.0	97
20	3	26	16	34	18	19.7	35.0	91
20	3	26	16	34	19	19.6	35.0	97
20	3	26	16	34	20	19.6	35.0	98
20	3	26	16	34	21	19.6	35.0	91
20	3	26	16	34	22	19.6	35.0	97
20	3	26	16	34	23	19.6	35.0	98
20	3	26	16	34	24	19.6	35.0	98
20	3	26	16	34	25	19.6	35.0	97
20	3	26	16	34	26	19.6	35.0	98
20	3	26	16	34	27	19.6	35.0	97
20	3	26	16	34	28	19.7	35.0	97
20	3	26	16	34	29	19.7	35.0	97
20	3	26	16	34	30	19.6	35.0	98
20	3	26	16	34	31	19.6	35.0	93
20	3	26	16	34	32	19.6	35.0	98
20	3	26	16	34	33	19.6	35.0	97
20	3	26	16	34	34	19.6	35.0	97
20	3	26	16	34	35	19.6	35.0	98
20	3	26	16	34	36	19.6	35.0	97
20	3	26	16	34	37	19.6	35.0	98
20	3	26	16	34	38	19.6	35.0	98
20	3	26	16	34	39	19.6	35.0	97
20	3	26	16	34	40	19.6	35.0	98
20	3	26	16	34	41	19.7	35.0	97
20	3	26	16	34	42	19.7	35.0	98
20	3	26	16	34	43	19.7	35.0	97
20	3	26	16	34	44	19.6	35.0	98
20	3	26	16	34	45	19.6	35.0	98
20	3	26	16	34	46	19.7	35.0	98
20	3	26	16	34	47	19.7	35.0	97
20	3	26	16	34	48	19.7	35.0	97
20	3	26	16	34	49	19.7	35.0	98
20	3	26	16	34	50	19.6	35.0	98
20	3	26	16	34	51	19.6	35.0	98
20	3	26	16	34	52	19.6	35.0	98
20	3	26	16	34	53	19.6	35.0	95
20	3	26	16	34	54	19.6	35.0	98
20	3	26	16	34	55	19.7	35.0	98
20	3	26	16	34	56	19.7	35.0	98
20	3	26	16	34	57	19.7	35.0	97
20	3	26	16	34	58	19.7	35.0	93
20	3	26	16	34	59	19.7	35.0	97
20	3	26	16	35	0	19.7	35.0	98
20	3	26	16	35	1	19.7	35.0	97
20	3	26	16	35	2	19.7	35.0	97
20	3	26	16	35	3	19.7	35.0	98
20	3	26	16	35	4	19.6	35.0	98
20	3	26	16	35	5	19.6	35.0	98
20	3	26	16	35	6	19.6	35.0	98
20	3	26	16	35	7	19.6	35.0	98
20	3	26	16	35	8	19.7	35.0	97
20	3	26	16	35	9	19.7	35.0	98
20	3	26	16	35	10	19.6	35.0	98
20	3	26	16	35	11	19.6	35.0	98
20	3	26	16	35	12	19.6	35.0	98
20	3	26	16	35	13	19.6	35.0	93
20	3	26	16	35	14	19.6	35.0	98
20	3	26	16	35	15	19.6	35.0	98
20	3	26	16	35	16	19.6	35.0	94
20	3	26	16	35	17	19.6	35.0	98
20	3	26	16	35	18	19.6	35.0	97
20	3	26	16	35	19	19.6	35.0	98
20	3	26	16	35	20	19.6	35.0	98
20	3	26	16	35	21	19.6	35.0	98
20	3	26	16	35	22	19.7	35.0	98
20	3	26	16	35	23	19.7	35.0	88
20	3	26	16	35	24	19.6	35.0	97
20	3	26	16	35	25	19.6	35.0	98
20	3	26	16	35	26	19.6	35.0	97
20	3	26	16	35	27	19.6	35.0	98
20	3	26	16	35	28	19.7	35.0	98
20	3	26	16	35	29	19.7	35.0	89
20	3	26	16	35	30	19.7	35.0	98
20	3	26	16	35	31	19.6	35.0	88
20	3	26	16	35	32	19.6	35.0	98
20	3	26	16	35	33	19.7	35.0	98
20	3	26	16	35	34	19.7	35.0	98
20	3	26	16	35	35	19.6	35.0	97
20	3	26	16	35	36	19.6	35.0	97
20	3	26	16	35	37	19.6	35.0	97
20	3	26	16	35	38	19.6	35.0	98
20	3	26	16	35	39	19.6	35.0	98
20	3	26	16	35	40	19.6	35.0	97
20	3	26	16	35	41	19.6	35.0	98
20	3	26	16	35	42	19.6	35.0	91
20	3	26	16	35	43	19.6	35.0	97
20	3	26	16	35	44	19.6	35.0	98
20	3	26	16	35	45	19.6	35.0	91
20	3	26	16	35	46	19.6	35.0	98
20	3	26	16	35	47	19.7	35.0	97
20	3	26	16	35	48	19.7	35.0	98
20	3	26	16	35	49	19.6	35.0	98
20	3	26	16	35	50	19.6	35.0	92
20	3	26	16	35	51	19.7	35.0	97
20	3	26	16	35	52	19.7	35.0	98
20	3	26	16	35	53	19.6	35.0	98
20	3	26	16	35	54	19.6	35.0	98
20	3	26	16	35	55	19.6	35.0	91
20	3	26	16	35	56	19.7	35.0	97
20	3	26	16	35	57	19.7	35.0	98
20	3	26	16	35	58	19.6	35.0	93
20	3	26	16	35	59	19.6	35.0	98
20	3	26	16	36	0	19.6	35.0	98
20	3	26	16	36	1	19.6	35.0	90
20	3	26	16	36	2	19.7	35.0	97
20	3	26	16	36	3	19.7	35.0	98
20	3	26	16	36	4	19.7	35.0	98
20	3	26	16	36	5	19.7	35.0	98
20	3	26	16	36	6	19.7	35.0	98
20	3	26	16	36	7	19.7	35.0	97
20	3	26	16	36	8	19.7	35.0	98
20	3	26	16	36	9	19.6	35.0	97
20	3	26	16	36	10	19.6	35.0	97
20	3	26	16	36	11	19.7	35.0	97
20	3	26	16	36	12	19.7	35.0	98
20	3	26	16	36	13	19.7	35.0	92
20	3	26	16	36	14	19.7	35.0	98
20	3	26	16	36	15	19.7	35.0	98
20	3	26	16	36	16	19.7	35.0	97
20	3	26	16	36	17	19.7	35.0	98
20	3	26	16	36	18	19.7	35.0	98
20	3	26	16	36	19	19.7	35.0	98
20	3	26	16	36	20	19.6	35.0	98
20	3	26	16	36	21	19.6	35.0	97
20	3	26	16	36	22	19.6	35.0	98
20	3	26	16	36	23	19.6	35.0	97
20	3	26	16	36	24	19.6	35.0	98
20	3	26	16	36	25	19.7	35.0	97
20	3	26	16	36	26	19.7	35.0	98
20	3	26	16	36	27	19.6	35.0	98
20	3	26	16	36	28	19.6	35.0	97
20	3	26	16	36	29	19.7	35.0	97
20	3	26	16	36	30	19.7	35.0	97
20	3	26	16	36	31	19.7	35.0	98
20	3	26	16	36	32	19.6	35.0	97
20	3	26	16	36	33	19.6	35.0	97
20	3	26	16	36	34	19.6	35.0	98
20	3	26	16	36	35	19.6	35.0	98
20	3	26	16	36	36	19.7	35.0	98
20	3	26	16	36	37	19.7	35.0	97
20	3	26	16	36	38	19.6	35.0	97
20	3	26	16	36	39	19.6	35.0	97
20	3	26	16	36	40	19.6	35.0	98
20	3	26	16	36	41	19.7	35.0	97
20	3	26	16	36	42	19.7	35.0	98
20	3	26	16	36	43	19.7	35.0	98
20	3	26	16	36	44	19.7	35.0	97
20	3	26	16	36	45	19.6	35.0	98
20	3	26	16	36	46	19.6	35.0	98
20	3	26	16	36	47	19.6	35.0	98
20	3	26	16	36	48	19.6	35.0	98
20	3	26	16	36	49	19.6	35.0	98
20	3	26	16	36	50	19.6	35.0	97
20	3	26	16	36	51	19.6	35.0	98
20	3	26	16	36	52	19.6	35.0	97
20	3	26	16	36	53	19.6	35.0	98
20	3	26	16	36	54	19.6	35.0	98
20	3	26	16	36	55	19.6	35.0	98
20	3	26	16	36	56	19.6	35.0	98
20	3	26	16	36	57	19.6	35.0	98
20	3	26	16	36	58	19.6	35.0	94
20	3	26	16	36	59	19.6	35.0	98
20	3	26	16	37	0	19.6	35.0	98
20	3	26	16	37	1	19.7	35.0	90
20	3	26	16	37	2	19.7	35.0	97
20	3	26	16	37	3	19.6	35.0	98
20	3	26	16	37	4	19.6	35.0	98
20	3	26	16	37	5	19.6	35.0	98
20	3	26	16	37	6	19.6	35.0	98
20	3	26	16	37	7	19.6	35.0	98
20	3	26	16	37	8	19.6	35.0	89
20	3	26	16	37	9	19.6	35.0	98
20	3	26	16	37	10	19.6	35.0	97
20	3	26	16	37	11	19.6	35.0	88
20	3	26	16	37	12	19.7	35.0	97
20	3	26	16	37	13	19.7	35.0	98
20	3	26	16	37	14	19.6	35.0	89
20	3	26	16	37	15	19.6	35.0	98
20	3	26	16	37	16	19.6	35.0	98
20	3	26	16	37	17	19.6	35.0	90
20	3	26	16	37	18	19.6	35.0	98
20	3	26	16	37	19	19.6	35.0	97
20	3	26	16	37	20	19.6	35.0	93
20	3	26	16	37	21	19.7	35.0	90
20	3	26	16	37	22	19.7	35.0	98
20	3	26	16	37	23	19.7	35.0	97
20	3	26	16	37	24	19.7	35.0	92
20	3	26	16	37	25	19.7	35.0	98
20	3	26	16	37	26	19.6	35.0	97
20	3	26	16	37	27	19.6	35.0	98
20	3	26	16	37	28	19.7	35.0	97
20	3	26	16	37	29	19.7	35.0	98
20	3	26	16	37	30	19.6	35.0	98
20	3	26	16	37	31	19.6	35.0	98
20	3	26	16	37	32	19.7	35.0	98
20	3	26	16	37	33	19.7	35.0	98
20	3	26	16	37	34	19.7	35.0	98
20	3	26	16	37	35	19.7	35.0	97
20	3	26	16	37	36	19.7	35.0	97
20	3	26	16	37	37	19.6	35.0	98
20	3	26	16	37	38	19.6	35.0	98
20	3	26	16	37	39	19.7	35.0	98
20	3	26	16	37	40	19.7	35.0	98
20	3	26	16	37	41	19.7	35.0	98
20	3	26	16	37	42	19.7	35.0	95
20	3	26	16	37	43	19.7	35.0	98
20	3	26	16	37	44	19.7	35.0	97
20	3	26	16	37	45	19.7	35.0	98
20	3	26	16	37	46	19.7	35.0	97
20	3	26	16	37	47	19.7	35.0	93
20	3	26	16	37	48	19.7	35.0	97
20	3	26	16	37	49	19.7	35.0	98
20	3	26	16	37	50	19.7	35.0	97
20	3	26	16	37	51	19.7	35.0	98
20	3	26	16	37	52	19.7	35.0	95
20	3	26	16	37	53	19.7	35.0	98
20	3	26	16	37	54	19.7	35.0	98
20	3	26	16	37	55	19.7	35.0	97
20	3	26	16	37	56	19.7	35.0	98
20	3	26	16	37	57	19.6	35.0	98
20	3	26	16	37	58	19.6	35.0	98
20	3	26	16	37	59	19.6	35.0	98
20	3	26	16	38	0	19.6	35.0	92
20	3	26	16	38	1	19.6	35.0	98
20	3	26	16	38	2	19.6	35.0	98
20	3	26	16	38	3	19.6	35.0	98
20	3	26	16	38	4	19.7	35.0	97
20	3	26	16	38	5	19.7	35.0	98
20	3	26	16	38	6	19.7	35.0	97
20	3	26	16	38	7	19.7	35.0	90
20	3	26	16	38	8	19.6	35.0	98
20	3	26	16	38	9	19.6	35.0	97
20	3	26	16	38	10	19.6	35.0	95
20	3	26	16	38	11	19.7	35.0	98
20	3	26	16	38	12	19.7	35.0	98
20	3	26	16	38	13	19.7	35.0	98
20	3	26	16	38	14	19.7	35.0	98
20	3	26	16	38	15	19.6	35.0	98
20	3	26	16	38	16	19.6	35.0	98
20	3	26	16	38	17	19.7	35.0	97
20	3	26	16	38	18	19.7	35.0	98
20	3	26	16	38	19	19.7	35.0	98
20	3	26	16	38	20	19.7	35.0	98
20	3	26	16	38	21	19.7	35.0	98
20	3	26	16	38	22	19.7	35.0	98
20	3	26	16	38	23	19.7	35.0	97
20	3	26	16	38	24	19.7	35.0	98
20	3	26	16	38	25	19.7	35.0	98
20	3	26	16	38	26	19.7	35.0	97
20	3	26	16	38	27	19.7	35.0	97
20	3	26	16	38	28	19.7	35.0	97
20	3	26	16	38	29	19.7	35.0	98
20	3	26	16	38	30	19.7	35.0	98
20	3	26	16	38	31	19.6	35.0	97
20	3	26	16	38	32	19.6	35.0	98
20	3	26	16	38	33	19.7	35.0	98
20	3	26	16	38	34	19.7	35.0	98
20	3	26	16	38	35	19.7	35.0	97
20	3	26	16	38	36	19.7	35.0	98
20	3	26	16	38	37	19.7	35.0	97
20	3	26	16	38	38	19.7	35.0	98
20	3	26	16	38	39	19.7	35.0	97
20	3	26	16	38	40	19.7	35.0	91
20	3	26	16	38	41	19.7	35.0	97
20	3	26	16	38	42	19.6	35.0	97
20	3	26	16	38	43	19.6	35.0	97
20	3	26	16	38	44	19.6	35.0	97
20	3	26	16	38	45	19.6	35.0	98
20	3	26	16	38	46	19.6	35.0	98
20	3	26	16	38	47	19.7	35.0	98
20	3	26	16	38	48	19.7	35.0	98
20	3	26	16	38	49	19.6	35.0	97
20	3	26	16	38	50	19.6	35.0	97
20	3	26	16	38	51	19.6	35.0	98
20	3	26	16	38	52	19.6	35.0	97
20	3	26	16	38	53	19.7	35.0	97
20	3	26	16	38	54	19.7	35.0	98
20	3	26	16	38	55	19.7	35.0	98
20	3	26	16	38	56	19.7	35.0	97
20	3	26	16	38	57	19.7	35.0	98
20	3	26	16	38	58	19.6	35.0	98
20	3	26	16	38	59	19.6	35.0	97
20	3	26	16	39	0	19.7	35.0	98
20	3	26	16	39	1	19.7	35.0	97
20	3	26	16	39	2	19.6	35.0	97
20	3	26	16	39	3	19.6	35.0	98
20	3	26	16	39	4	19.6	35.0	97
20	3	26	16	39	5	19.7	35.0	98
20	3	26	16	39	6	19.7	35.0	98
20	3	26	16	39	7	19.7	35.0	97
20	3	26	16	39	8	19.7	35.0	98
20	3	26	16	39	9	19.7	35.0	98
20	3	26	16	39	10	19.7	35.0	94
20	3	26	16	39	11	19.7	35.0	97
20	3	26	16	39	12	19.7	35.0	97
20	3	26	16	39	13	19.7	35.0	98
20	3	26	16	39	14	19.6	35.0	90
20	3	26	16	39	15	19.6	35.0	98
20	3	26	16	39	16	19.7	35.0	98
20	3	26	16	39	17	19.7	35.0	98
20	3	26	16	39	18	19.7	35.0	98
20	3	26	16	39	19	19.7	35.0	97
20	3	26	16	39	20	19.7	35.0	98
20	3	26	16	39	21	19.7	35.0	98
20	3	26	16	39	22	19.7	35.0	98
20	3	26	16	39	23	19.7	35.0	98
20	3	26	16	39	24	19.7	35.0	98
20	3	26	16	39	25	19.6	35.0	98
20	3	26	16	39	26	19.6	35.0	98
20	3	26	16	39	27	19.7	35.0	98
20	3	26	16	39	28	19.7	35.0	97
20	3	26	16	39	29	19.7	35.0	98
20	3	26	16	39	30	19.7	35.0	98
20	3	26	16	39	31	19.7	35.0	98
20	3	26	16	39	32	19.7	35.0	98
20	3	26	16	39	33	19.7	35.0	96
20	3	26	16	39	34	19.7	35.0	98
20	3	26	16	39	35	19.7	35.0	98
20	3	26	16	39	36	19.7	35.0	98
20	3	26	16	39	37	19.7	35.0	97
20	3	26	16	39	38	19.7	35.0	98
20	3	26	16	39	39	19.7	35.0	98
20	3	26	16	39	40	19.7	35.0	98
20	3	26	16	39	41	19.7	35.0	97
20	3	26	16	39	42	19.7	35.0	97
20	3	26	16	39	43	19.7	35.0	98
20	3	26	16	39	44	19.7	35.0	98
20	3	26	16	39	45	19.7	35.0	94
20	3	26	16	39	46	19.7	35.0	96
20	3	26	16	39	47	19.7	35.0	98
20	3	26	16	39	48	19.7	35.0	98
20	3	26	16	39	49	19.7	35.0	98
20	3	26	16	39	50	19.7	35.0	89
20	3	26	16	39	51	19.7	35.0	98
20	3	26	16	39	52	19.7	35.0	97
20	3	26	16	39	53	19.7	35.0	98
20	3	26	16	39	54	19.7	35.0	98
20	3	26	16	39	55	19.7	35.0	98
20	3	26	16	39	56	19.7	35.0	98
20	3	26	16	39	57	19.7	35.0	98
20	3	26	16	39	58	19.7	35.0	98
20	3	26	16	39	59	19.7	35.0	97
20	3	26	16	40	0	19.7	35.0	98
20	3	26	16	40	1	19.7	35.0	95
20	3	26	16	40	2	19.7	35.0	98
20	3	26	16	40	3	19.7	35.0	98
20	3	26	16	40	4	19.7	35.0	97
20	3	26	16	40	5	19.7	35.0	98
20	3	26	16	40	6	19.7	35.0	98
20	3	26	16	40	7	19.7	35.0	98
20	3	26	16	40	8	19.7	35.0	97
20	3	26	16	40	9	19.7	35.0	98
20	3	26	16	40	10	19.7	35.0	98
20	3	26	16	40	11	19.7	35.0	98
20	3	26	16	40	12	19.7	35.0	98
20	3	26	16	40	13	19.7	35.0	98
20	3	26	16	40	14	19.7	35.0	98
20	3	26	16	40	15	19.7	35.0	98
20	3	26	16	40	16	19.7	35.0	97
20	3	26	16	40	17	19.7	35.0	98
20	3	26	16	40	18	19.7	35.0	97
20	3	26	16	40	19	19.7	35.0	97
20	3	26	16	40	20	19.7	35.0	97
20	3	26	16	40	21	19.7	35.0	98
20	3	26	16	40	22	19.7	35.0	98
20	3	26	16	40	23	19.7	35.0	92
20	3	26	16	40	24	19.7	35.0	98
20	3	26	16	40	25	19.7	35.0	95
20	3	26	16	40	26	19.7	35.0	91
20	3	26	16	40	27	19.7	35.0	97
20	3	26	16	40	28	19.7	35.0	98
20	3	26	16	40	29	19.7	35.0	98
20	3	26	16	40	30	19.7	35.0	98
20	3	26	16	40	31	19.7	35.0	98
20	3	26	16	40	32	19.7	35.0	97
20	3	26	16	40	33	19.7	35.0	97
20	3	26	16	40	34	19.7	35.0	98
20	3	26	16	40	35	19.7	35.0	97
20	3	26	16	40	36	19.7	35.0	98
20	3	26	16	40	37	19.7	35.0	98
20	3	26	16	40	38	19.7	35.0	98
20	3	26	16	40	39	19.7	35.0	98
20	3	26	16	40	40	19.7	35.0	98
20	3	26	16	40	41	19.7	35.0	98
20	3	26	16	40	42	19.7	35.0	91
20	3	26	16	40	43	19.7	35.0	98
20	3	26	16	40	44	19.7	35.0	98
20	3	26	16	40	45	19.7	35.0	97
20	3	26	16	40	46	19.7	35.0	98
20	3	26	16	40	47	19.7	35.0	98
20	3	26	16	40	48	19.7	35.0	88
20	3	26	16	40	49	19.7	35.0	98
20	3	26	16	40	50	19.7	35.0	97
20	3	26	16	40	51	19.7	35.0	98
20	3	26	16	40	52	19.7	35.0	98
20	3	26	16	40	53	19.7	35.0	98
20	3	26	16	40	54	19.7	35.0	97
20	3	26	16	40	55	19.7	35.0	98
20	3	26	16	40	56	19.7	35.0	98
20	3	26	16	40	57	19.7	35.0	98
20	3	26	16	40	58	19.7	35.0	98
20	3	26	16	40	59	19.7	35.0	98
20	3	26	16	41	0	19.7	35.0	98
20	3	26	16	41	1	19.7	35.0	98
20	3	26	16	41	2	19.7	35.0	98
20	3	26	16	41	3	19.7	35.0	98
20	3	26	16	41	4	19.7	35.0	81
20	3	26	16	41	5	19.7	35.0	97
20	3	26	16	41	6	19.7	35.0	98
20	3	26	16	41	7	19.7	35.0	97
20	3	26	16	41	8	19.7	35.0	98
20	3	26	16	41	9	19.7	35.0	98
20	3	26	16	41	10	19.7	35.0	98
20	3	26	16	41	11	19.7	35.0	98
20	3	26	16	41	12	19.7	35.0	97
20	3	26	16	41	13	19.7	35.0	98
20	3	26	16	41	14	19.7	35.0	97
20	3	26	16	41	15	19.7	35.0	98
20	3	26	16	41	16	19.7	35.0	96
20	3	26	16	41	17	19.7	35.0	98
20	3	26	16	41	18	19.7	35.0	98
20	3	26	16	41	19	19.7	35.0	97
20	3	26	16	41	20	19.7	35.0	98
20	3	26	16	41	21	19.7	35.0	98
20	3	26	16	41	22	19.7	35.0	98
20	3	26	16	41	23	19.7	35.0	98
20	3	26	16	41	24	19.7	35.0	97
20	3	26	16	41	25	19.7	35.0	94
20	3	26	16	41	26	19.7	35.0	98
20	3	26	16	41	27	19.7	35.0	87
20	3	26	16	41	28	19.7	35.0	97
20	3	26	16	41	29	19.7	35.0	98
20	3	26	16	41	30	19.7	35.0	98
20	3	26	16	41	31	19.7	35.0	97
20	3	26	16	41	32	19.7	35.0	90
20	3	26	16	41	33	19.7	35.0	98
20	3	26	16	41	34	19.7	35.0	90
20	3	26	16	41	35	19.7	35.0	98
20	3	26	16	41	36	19.7	35.0	98
20	3	26	16	41	37	19.7	35.0	91
20	3	26	16	41	38	19.7	35.0	98
20	3	26	16	41	39	19.7	35.0	98
20	3	26	16	41	40	19.7	35.0	97
20	3	26	16	41	41	19.7	35.0	97
20	3	26	16	41	42	19.7	35.0	98
20	3	26	16	41	43	19.7	35.0	98
20	3	26	16	41	44	19.7	35.0	98
20	3	26	16	41	45	19.7	35.0	97
20	3	26	16	41	46	19.7	35.0	98
20	3	26	16	41	47	19.7	35.0	97
20	3	26	16	41	48	19.7	35.0	97
20	3	26	16	41	49	19.7	35.0	98
20	3	26	16	41	50	19.7	35.0	98
20	3	26	16	41	51	19.7	35.0	98
20	3	26	16	41	52	19.7	35.0	98
20	3	26	16	41	53	19.7	35.0	98
20	3	26	16	41	54	19.7	35.0	89
20	3	26	16	41	55	19.7	35.0	97
20	3	26	16	41	56	19.7	35.0	98
20	3	26	16	41	57	19.7	35.0	98
20	3	26	16	41	58	19.7	35.0	92
20	3	26	16	41	59	19.7	35.0	89
20	3	26	16	42	0	19.7	35.0	98
20	3	26	16	42	1	19.7	35.0	98
20	3	26	16	42	2	19.7	35.0	98
20	3	26	16	42	3	19.7	35.0	98
20	3	26	16	42	4	19.7	35.0	98
20	3	26	16	42	5	19.7	35.0	97
20	3	26	16	42	6	19.7	35.0	98
20	3	26	16	42	7	19.7	35.0	95
20	3	26	16	42	8	19.7	35.0	97
20	3	26	16	42	9	19.7	35.0	98
20	3	26	16	42	10	19.7	35.0	97
20	3	26	16	42	11	19.7	35.0	98
20	3	26	16	42	12	19.7	35.0	98
20	3	26	16	42	13	19.7	35.0	98
20	3	26	16	42	14	19.7	35.0	98
20	3	26	16	42	15	19.7	35.0	98
20	3	26	16	42	16	19.7	35.0	98
20	3	26	16	42	17	19.7	35.0	98
20	3	26	16	42	18	19.7	35.0	98
20	3	26	16	42	19	19.7	35.0	98
20	3	26	16	42	20	19.7	35.0	98
20	3	26	16	42	21	19.7	35.0	98
20	3	26	16	42	22	19.7	35.0	98
20	3	26	16	42	23	19.7	35.0	98
20	3	26	16	42	24	19.7	35.0	97
20	3	26	16	42	25	19.7	35.0	98
20	3	26	16	42	26	19.7	35.0	98
20	3	26	16	42	27	19.7	35.0	97
20	3	26	16	42	28	19.7	35.0	97
20	3	26	16	42	29	19.7	35.0	89
20	3	26	16	42	30	19.7	35.0	98
20	3	26	16	42	31	19.7	35.0	98
20	3	26	16	42	32	19.7	35.0	98
20	3	26	16	42	33	19.7	35.0	98
20	3	26	16	42	34	19.7	35.0	97
20	3	26	16	42	35	19.7	35.0	97
20	3	26	16	42	36	19.7	35.0	97
20	3	26	16	42	37	19.7	35.0	98
20	3	26	16	42	38	19.7	35.0	98
20	3	26	16	42	39	19.7	35.0	98
20	3	26	16	42	40	19.7	35.0	98
20	3	26	16	42	41	19.7	35.0	98
20	3	26	16	42	42	19.7	35.0	98
20	3	26	16	42	43	19.7	35.0	98
20	3	26	16	42	44	19.7	35.0	97
20	3	26	16	42	45	19.7	35.0	97
20	3	26	16	42	46	19.7	35.0	97
20	3	26	16	42	47	19.7	35.0	98
20	3	26	16	42	48	19.7	35.0	97
20	3	26	16	42	49	19.7	35.0	98
20	3	26	16	42	50	19.7	35.0	97
20	3	26	16	42	51	19.7	35.0	87
20	3	26	16	42	52	19.7	35.0	98
20	3	26	16	42	53	19.7	35.0	97
20	3	26	16	42	54	19.7	35.0	88
20	3	26	16	42	55	19.7	35.0	97
20	3	26	16	42	56	19.7	35.0	98
20	3	26	16	42	57	19.7	35.0	86
20	3	26	16	42	58	19.7	35.0	98
20	3	26	16	42	59	19.7	35.0	91
20	3	26	16	43	0	19.7	35.0	90
20	3	26	16	43	1	19.7	35.0	98
20	3	26	16	43	2	19.7	35.0	98
20	3	26	16	43	3	19.7	35.0	98
20	3	26	16	43	4	19.7	35.0	97
20	3	26	16	43	5	19.7	35.0	97
20	3	26	16	43	6	19.7	35.0	87
20	3	26	16	43	7	19.7	35.0	98
20	3	26	16	43	8	19.7	35.0	98
20	3	26	16	43	9	19.7	35.0	87
20	3	26	16	43	10	19.7	35.0	94
20	3	26	16	43	11	19.7	35.0	98
20	3	26	16	43	12	19.7	35.0	98
20	3	26	16	43	13	19.7	35.0	98
20	3	26	16	43	14	19.7	35.0	98
20	3	26	16	43	15	19.7	35.0	97
20	3	26	16	43	16	19.7	35.0	98
20	3	26	16	43	17	19.7	35.0	98
20	3	26	16	43	18	19.7	35.0	98
20	3	26	16	43	19	19.7	35.0	97
20	3	26	16	43	20	19.7	35.0	85
20	3	26	16	43	21	19.7	35.0	94
20	3	26	16	43	22	19.7	35.0	97
20	3	26	16	43	23	19.7	35.0	98
20	3	26	16	43	24	19.7	35.0	97
20	3	26	16	43	25	19.7	35.0	98
20	3	26	16	43	26	19.7	35.0	95
20	3	26	16	43	27	19.7	35.0	97
20	3	26	16	43	28	19.7	35.0	98
20	3	26	16	43	29	19.7	35.0	97
20	3	26	16	43	30	19.7	35.0	98
20	3	26	16	43	31	19.7	35.0	93
20	3	26	16	43	32	19.7	35.0	97
20	3	26	16	43	33	19.7	35.0	86
20	3	26	16	43	34	19.7	35.0	98
20	3	26	16	43	35	19.7	35.0	98
20	3	26	16	43	36	19.7	35.0	91
20	3	26	16	43	37	19.7	35.0	96
20	3	26	16	43	38	19.7	35.0	97
20	3	26	16	43	39	19.7	35.0	98
20	3	26	16	43	40	19.7	35.0	90
20	3	26	16	43	41	19.7	35.0	98
20	3	26	16	43	42	19.7	35.0	98
20	3	26	16	43	43	19.7	35.0	98
20	3	26	16	43	44	19.7	35.0	97
20	3	26	16	43	45	19.7	35.0	89
20	3	26	16	43	46	19.7	35.0	98
20	3	26	16	43	47	19.7	35.0	97
20	3	26	16	43	48	19.7	35.0	96
20	3	26	16	43	49	19.7	35.0	98
20	3	26	16	43	50	19.7	35.0	98
20	3	26	16	43	51	19.7	35.0	98
20	3	26	16	43	52	19.7	35.0	98
20	3	26	16	43	53	19.7	35.0	97
20	3	26	16	43	54	19.7	35.0	98
20	3	26	16	43	55	19.7	35.0	93
20	3	26	16	43	56	19.7	35.0	97
20	3	26	16	43	57	19.7	35.0	98
20	3	26	16	43	58	19.8	35.0	97
20	3	26	16	43	59	19.8	35.0	97
20	3	26	16	44	0	19.7	35.0	97
20	3	26	16	44	1	19.7	35.0	98
20	3	26	16	44	2	19.7	35.0	98
20	3	26	16	44	3	19.7	35.0	98
20	3	26	16	44	4	19.7	35.0	93
20	3	26	16	44	5	19.8	35.0	98
20	3	26	16	44	6	19.8	35.0	92
20	3	26	16	44	7	19.8	35.0	97
20	3	26	16	44	8	19.8	35.0	98
20	3	26	16	44	9	19.7	35.0	98
20	3	26	16	44	10	19.7	35.0	98
20	3	26	16	44	11	19.7	35.0	97
20	3	26	16	44	12	19.7	35.0	98
20	3	26	16	44	13	19.7	35.0	97
20	3	26	16	44	14	19.7	35.0	98
20	3	26	16	44	15	19.7	35.0	91
20	3	26	16	44	16	19.8	35.0	98
20	3	26	16	44	17	19.8	35.0	88
20	3	26	16	44	18	19.7	35.0	98
20	3	26	16	44	19	19.7	35.0	98
20	3	26	16	44	20	19.7	35.0	98
20	3	26	16	44	21	19.8	35.0	98
20	3	26	16	44	22	19.8	35.0	98
20	3	26	16	44	23	19.8	35.0	98
20	3	26	16	44	24	19.8	35.0	98
20	3	26	16	44	25	19.8	35.0	98
20	3	26	16	44	26	19.8	35.0	98
20	3	26	16	44	27	19.8	35.0	97
20	3	26	16	44	28	19.8	35.0	97
20	3	26	16	44	29	19.8	35.0	97
20	3	26	16	44	30	19.8	35.0	91
20	3	26	16	44	31	19.8	35.0	97
20	3	26	16	44	32	19.8	35.0	98
20	3	26	16	44	33	19.8	35.0	98
20	3	26	16	44	34	19.8	35.0	98
20	3	26	16	44	35	19.8	35.0	98
20	3	26	16	44	36	19.8	35.0	97
20	3	26	16	44	37	19.8	35.0	98
20	3	26	16	44	38	19.8	35.0	98
20	3	26	16	44	39	19.8	35.0	98
20	3	26	16	44	40	19.8	35.0	97
20	3	26	16	44	41	19.8	35.0	97
20	3	26	16	44	42	19.8	35.0	98
20	3	26	16	44	43	19.8	35.0	98
20	3	26	16	44	44	19.8	35.0	98
20	3	26	16	44	45	19.8	35.0	97
20	3	26	16	44	46	19.8	35.0	98
20	3	26	16	44	47	19.8	35.0	98
20	3	26	16	44	48	19.8	35.0	92
20	3	26	16	44	49	19.8	35.0	97
20	3	26	16	44	50	19.8	35.0	98
20	3	26	16	44	51	19.8	35.0	97
20	3	26	16	44	52	19.8	35.0	97
20	3	26	16	44	53	19.8	35.0	98
20	3	26	16	44	54	19.7	35.0	98
20	3	26	16	44	55	19.7	35.0	98
20	3	26	16	44	56	19.7	35.0	97
20	3	26	16	44	57	19.8	35.0	98
20	3	26	16	44	58	19.8	35.0	94
20	3	26	16	44	59	19.8	35.0	98
20	3	26	16	45	0	19.8	35.0	98
20	3	26	16	45	1	19.8	35.0	98
20	3	26	16	45	2	19.8	35.0	98
20	3	26	16	45	3	19.8	35.0	97
20	3	26	16	45	4	19.8	35.0	97
20	3	26	16	45	5	19.8	35.0	97
20	3	26	16	45	6	19.8	35.0	98
20	3	26	16	45	7	19.8	35.0	98
20	3	26	16	45	8	19.8	35.0	97
20	3	26	16	45	9	19.8	35.0	97
20	3	26	16	45	10	19.8	35.0	98
20	3	26	16	45	11	19.8	35.0	98
20	3	26	16	45	12	19.8	35.0	98
20	3	26	16	45	13	19.8	35.0	97
20	3	26	16	45	14	19.8	35.0	98
20	3	26	16	45	15	19.8	35.0	97
20	3	26	16	45	16	19.8	35.0	97
20	3	26	16	45	17	19.8	35.0	94
20	3	26	16	45	18	19.8	35.0	98
20	3	26	16	45	19	19.8	35.0	98
20	3	26	16	45	20	19.8	35.0	98
20	3	26	16	45	21	19.8	35.0	97
20	3	26	16	45	22	19.8	35.0	97
20	3	26	16	45	23	19.8	35.0	98
20	3	26	16	45	24	19.8	35.0	98
20	3	26	16	45	25	19.8	35.0	97
20	3	26	16	45	26	19.8	35.0	98
20	3	26	16	45	27	19.8	35.0	98
20	3	26	16	45	28	19.8	35.0	97
20	3	26	16	45	29	19.8	35.0	96
20	3	26	16	45	30	19.8	35.0	95
20	3	26	16	45	31	19.8	35.0	98
20	3	26	16	45	32	19.8	35.0	97
20	3	26	16	45	33	19.8	35.0	98
20	3	26	16	45	34	19.8	35.0	97
20	3	26	16	45	35	19.8	35.0	98
20	3	26	16	45	36	19.8	35.0	98
20	3	26	16	45	37	19.8	35.0	98
20	3	26	16	45	38	19.8	35.0	98
20	3	26	16	45	39	19.8	35.0	98
20	3	26	16	45	40	19.8	35.0	98
20	3	26	16	45	41	19.8	35.0	97
20	3	26	16	45	42	19.8	35.0	98
20	3	26	16	45	43	19.8	35.0	98
20	3	26	16	45	44	19.8	35.0	94
20	3	26	16	45	45	19.8	35.0	98
20	3	26	16	45	46	19.8	35.0	97
20	3	26	16	45	47	19.8	35.0	98
20	3	26	16	45	48	19.8	35.0	98
20	3	26	16	45	49	19.8	35.0	98
20	3	26	16	45	50	19.8	35.0	97
20	3	26	16	45	51	19.8	35.0	98
20	3	26	16	45	52	19.8	35.0	98
20	3	26	16	45	53	19.8	35.0	98
20	3	26	16	45	54	19.8	35.0	97
20	3	26	16	45	55	19.8	35.0	97
20	3	26	16	45	56	19.8	35.0	97
20	3	26	16	45	57	19.9	35.0	98
20	3	26	16	45	58	19.9	35.0	97
20	3	26	16	45	59	19.9	35.0	98
20	3	26	16	46	0	19.8	35.0	98
20	3	26	16	46	1	19.8	35.0	98
20	3	26	16	46	2	19.8	35.0	98
20	3	26	16	46	3	19.8	35.0	94
20	3	26	16	46	4	19.9	35.0	98
20	3	26	16	46	5	19.9	35.0	98
20	3	26	16	46	6	19.8	35.0	97
20	3	26	16	46	7	19.8	35.0	98
20	3	26	16	46	8	19.8	35.0	98
20	3	26	16	46	9	19.8	35.0	98
20	3	26	16	46	10	19.8	35.0	98
20	3	26	16	46	11	19.8	35.0	98
20	3	26	16	46	12	19.8	35.0	98
20	3	26	16	46	13	19.8	35.0	98
20	3	26	16	46	14	19.8	35.0	98
20	3	26	16	46	15	19.8	35.0	98
20	3	26	16	46	16	19.8	35.0	98
20	3	26	16	46	17	19.8	35.0	96
20	3	26	16	46	18	19.8	35.0	98
20	3	26	16	46	19	19.8	35.0	98
20	3	26	16	46	20	19.8	35.0	98
20	3	26	16	46	21	19.8	35.0	98
20	3	26	16	46	22	19.8	35.0	98
20	3	26	16	46	23	19.8	35.0	98
20	3	26	16	46	24	19.9	35.0	98
20	3	26	16	46	25	19.9	35.0	97
20	3	26	16	46	26	19.9	35.0	98
20	3	26	16	46	27	19.8	35.0	98
20	3	26	16	46	28	19.8	35.0	97
20	3	26	16	46	29	19.8	35.0	98
20	3	26	16	46	30	19.8	35.0	98
20	3	26	16	46	31	19.9	35.0	98
20	3	26	16	46	32	19.9	35.0	98
20	3	26	16	46	33	19.8	35.0	94
20	3	26	16	46	34	19.8	35.0	97
20	3	26	16	46	35	19.8	35.0	98
20	3	26	16	46	36	19.9	35.0	98
20	3	26	16	46	37	19.9	35.0	98
20	3	26	16	46	38	19.9	35.0	97
20	3	26	16	46	39	19.9	35.0	98
20	3	26	16	46	40	19.8	35.0	98
20	3	26	16	46	41	19.8	35.0	97
20	3	26	16	46	42	19.8	35.0	97
20	3	26	16	46	43	19.9	35.0	97
20	3	26	16	46	44	19.9	35.0	97
20	3	26	16	46	45	19.8	35.0	98
20	3	26	16	46	46	19.8	35.0	98
20	3	26	16	46	47	19.9	35.0	98
20	3	26	16	46	48	19.9	35.0	98
20	3	26	16	46	49	19.9	35.0	97
20	3	26	16	46	50	19.9	35.0	98
20	3	26	16	46	51	19.9	35.0	97
20	3	26	16	46	52	19.9	35.0	98
20	3	26	16	46	53	19.9	35.0	98
20	3	26	16	46	54	19.9	35.0	98
20	3	26	16	46	55	19.9	35.0	89
20	3	26	16	46	56	19.9	35.0	98
20	3	26	16	46	57	19.9	35.0	98
20	3	26	16	46	58	19.9	35.0	98
20	3	26	16	46	59	19.9	35.0	93
20	3	26	16	47	0	19.9	35.0	98
20	3	26	16	47	1	19.9	35.0	98
20	3	26	16	47	2	19.9	35.0	98
20	3	26	16	47	3	19.9	35.0	98
20	3	26	16	47	4	19.9	35.0	98
20	3	26	16	47	5	19.9	35.0	98
20	3	26	16	47	6	19.9	35.0	98
20	3	26	16	47	7	19.8	35.0	98
20	3	26	16	47	8	19.8	35.0	98
20	3	26	16	47	9	19.9	35.0	98
20	3	26	16	47	10	19.9	35.0	98
20	3	26	16	47	11	19.9	35.0	98
20	3	26	16	47	12	19.9	35.0	98
20	3	26	16	47	13	19.9	35.0	98
20	3	26	16	47	14	19.9	35.0	98
20	3	26	16	47	15	19.9	35.0	98
20	3	26	16	47	16	19.9	35.0	98
20	3	26	16	47	17	19.9	35.0	98
20	3	26	16	47	18	19.9	35.0	98
20	3	26	16	47	19	19.9	35.0	98
20	3	26	16	47	20	19.9	35.0	98
20	3	26	16	47	21	19.9	35.0	98
20	3	26	16	47	22	19.9	35.0	98
20	3	26	16	47	23	19.9	35.0	98
20	3	26	16	47	24	19.9	35.0	98
20	3	26	16	47	25	19.9	35.0	98
20	3	26	16	47	26	19.9	35.0	98
20	3	26	16	47	27	19.9	35.0	97
20	3	26	16	47	28	19.9	35.0	96
20	3	26	16	47	29	19.9	35.0	98
20	3	26	16	47	30	19.9	35.0	97
20	3	26	16	47	31	19.9	35.0	98
20	3	26	16	47	32	19.9	35.0	97
20	3	26	16	47	33	19.9	35.0	97
20	3	26	16	47	34	19.9	35.0	97
20	3	26	16	47	35	19.9	35.0	98
20	3	26	16	47	36	19.9	35.0	98
20	3	26	16	47	37	19.9	35.0	98
20	3	26	16	47	38	19.9	35.0	97
20	3	26	16	47	39	19.9	35.0	98
20	3	26	16	47	40	19.9	35.0	97
20	3	26	16	47	41	19.9	35.0	98
20	3	26	16	47	42	19.9	35.0	98
20	3	26	16	47	43	19.9	35.0	97
20	3	26	16	47	44	19.9	35.0	97
20	3	26	16	47	45	19.9	35.0	97
20	3	26	16	47	46	19.9	35.0	98
20	3	26	16	47	47	19.9	35.0	97
20	3	26	16	47	48	19.9	35.0	97
20	3	26	16	47	49	19.9	35.0	95
20	3	26	16	47	50	19.9	35.0	97
20	3	26	16	47	51	19.9	35.0	98
20	3	26	16	47	52	19.9	35.0	98
20	3	26	16	47	53	19.9	35.0	98
20	3	26	16	47	54	19.9	35.0	98
20	3	26	16	47	55	19.9	35.0	98
20	3	26	16	47	56	19.9	35.0	97
20	3	26	16	47	57	19.9	35.0	97
20	3	26	16	47	58	19.9	35.0	98
20	3	26	16	47	59	19.9	35.0	98
20	3	26	16	48	0	19.9	35.0	97
20	3	26	16	48	1	19.9	35.0	97
20	3	26	16	48	2	19.9	35.0	97
20	3	26	16	48	3	19.9	35.0	98
20	3	26	16	48	4	19.9	35.0	98
20	3	26	16	48	5	19.9	35.0	97
20	3	26	16	48	6	19.9	35.0	98
20	3	26	16	48	7	19.9	35.0	97
20	3	26	16	48	8	19.9	35.0	98
20	3	26	16	48	9	19.9	35.0	98
20	3	26	16	48	10	19.9	35.0	98
20	3	26	16	48	11	19.9	35.0	98
20	3	26	16	48	12	19.9	35.0	98
20	3	26	16	48	13	19.9	35.0	98
20	3	26	16	48	14	19.9	35.0	97
20	3	26	16	48	15	19.9	35.0	98
20	3	26	16	48	16	19.9	35.0	97
20	3	26	16	48	17	19.9	35.0	98
20	3	26	16	48	18	19.9	35.0	97
20	3	26	16	48	19	19.9	35.0	98
20	3	26	16	48	20	19.9	35.0	97
20	3	26	16	48	21	19.9	35.0	98
20	3	26	16	48	22	19.9	35.0	98
20	3	26	16	48	23	19.9	35.0	98
20	3	26	16	48	24	19.9	35.0	97
20	3	26	16	48	25	19.9	35.0	98
20	3	26	16	48	26	19.9	35.0	97
20	3	26	16	48	27	19.9	35.0	98
20	3	26	16	48	28	19.9	35.0	98
20	3	26	16	48	29	19.9	35.0	98
20	3	26	16	48	30	19.9	35.0	98
20	3	26	16	48	31	19.9	35.0	98
20	3	26	16	48	32	19.9	35.0	97
20	3	26	16	48	33	19.9	35.0	97
20	3	26	16	48	34	19.9	35.0	97
20	3	26	16	48	35	19.9	35.0	98
20	3	26	16	48	36	19.9	35.0	98
20	3	26	16	48	37	19.9	35.0	97
20	3	26	16	48	38	19.9	35.0	98
20	3	26	16	48	39	19.9	35.0	98
20	3	26	16	48	40	19.9	35.0	98
20	3	26	16	48	41	19.9	35.0	98
20	3	26	16	48	42	19.9	35.0	98
20	3	26	16	48	43	19.9	35.0	98
20	3	26	16	48	44	19.9	35.0	98
20	3	26	16	48	45	19.9	35.0	98
20	3	26	16	48	46	19.9	35.0	98
20	3	26	16	48	47	19.9	35.0	98
20	3	26	16	48	48	19.9	35.0	98
20	3	26	16	48	49	19.9	35.0	98
20	3	26	16	48	50	19.9	35.0	97
20	3	26	16	48	51	19.9	35.0	98
20	3	26	16	48	52	19.9	35.0	98
20	3	26	16	48	53	19.9	35.0	98
20	3	26	16	48	54	19.9	35.0	98
20	3	26	16	48	55	19.9	35.0	98
20	3	26	16	48	56	19.9	35.0	98
20	3	26	16	48	57	19.9	35.0	98
20	3	26	16	48	58	19.9	35.0	98
20	3	26	16	48	59	19.9	35.0	98
20	3	26	16	49	0	19.9	35.0	97
20	3	26	16	49	1	19.9	35.0	93
20	3	26	16	49	2	19.9	35.0	98
20	3	26	16	49	3	19.9	35.0	98
20	3	26	16	49	4	19.9	35.0	98
20	3	26	16	49	5	19.9	35.0	98
20	3	26	16	49	6	19.9	35.0	98
20	3	26	16	49	7	19.9	35.0	98
20	3	26	16	49	8	19.9	35.0	97
20	3	26	16	49	9	19.9	35.0	98
20	3	26	16	49	10	19.9	35.0	98
20	3	26	16	49	11	19.9	35.0	98
20	3	26	16	49	12	19.9	35.0	98
20	3	26	16	49	13	19.9	35.0	98
20	3	26	16	49	14	19.9	35.0	97
20	3	26	16	49	15	19.9	35.0	97
20	3	26	16	49	16	19.9	35.0	98
20	3	26	16	49	17	19.9	35.0	97
20	3	26	16	49	18	19.9	35.0	98
20	3	26	16	49	19	19.9	35.0	98
20	3	26	16	49	20	19.9	35.0	98
20	3	26	16	49	21	19.9	35.0	98
20	3	26	16	49	22	19.9	35.0	98
20	3	26	16	49	23	19.9	35.0	97
20	3	26	16	49	24	19.9	35.0	98
20	3	26	16	49	25	19.9	35.0	98
20	3	26	16	49	26	19.9	35.0	98
20	3	26	16	49	27	19.9	35.0	98
20	3	26	16	49	28	19.9	35.0	98
20	3	26	16	49	29	19.9	35.0	98
20	3	26	16	49	30	19.9	35.0	97
20	3	26	16	49	31	19.9	35.0	98
20	3	26	16	49	32	19.9	35.0	98
20	3	26	16	49	33	19.9	35.0	97
20	3	26	16	49	34	19.9	35.0	97
20	3	26	16	49	35	19.9	35.0	98
20	3	26	16	49	36	19.9	35.0	97
20	3	26	16	49	37	19.9	35.0	98
20	3	26	16	49	38	19.9	35.0	95
20	3	26	16	49	39	19.9	35.0	97
20	3	26	16	49	40	19.9	35.0	98
20	3	26	16	49	41	19.9	35.0	98
20	3	26	16	49	42	19.9	35.0	98
20	3	26	16	49	43	19.9	35.0	98
20	3	26	16	49	44	19.9	35.0	96
20	3	26	16	49	45	19.9	35.0	98
20	3	26	16	49	46	19.9	35.0	98
20	3	26	16	49	47	19.9	35.0	98
20	3	26	16	49	48	19.9	35.0	98
20	3	26	16	49	49	19.9	35.0	98
20	3	26	16	49	50	19.9	35.0	97
20	3	26	16	49	51	19.9	35.0	98
20	3	26	16	49	52	19.9	35.0	98
20	3	26	16	49	53	19.9	35.0	97
20	3	26	16	49	54	19.9	35.0	98
20	3	26	16	49	55	19.9	35.0	98
20	3	26	16	49	56	19.9	35.0	98
20	3	26	16	49	57	19.9	35.0	97
20	3	26	16	49	58	19.9	35.0	98
20	3	26	16	49	59	19.9	35.0	98
20	3	26	16	50	0	19.9	35.0	98
20	3	26	16	50	1	19.9	35.0	97
20	3	26	16	50	2	19.9	35.0	98
20	3	26	16	50	3	19.9	35.0	98
20	3	26	16	50	4	19.9	35.0	97
20	3	26	16	50	5	19.9	35.0	97
20	3	26	16	50	6	19.9	35.0	97
20	3	26	16	50	7	19.9	35.0	97
20	3	26	16	50	8	19.9	35.0	98
20	3	26	16	50	9	19.9	35.0	98
20	3	26	16	50	10	19.9	35.0	98
20	3	26	16	50	11	19.9	35.0	97
20	3	26	16	50	12	19.9	35.0	98
20	3	26	16	50	13	19.9	35.0	97
20	3	26	16	50	14	19.9	35.0	98
20	3	26	16	50	15	19.9	35.0	97
20	3	26	16	50	16	19.9	35.0	97
20	3	26	16	50	17	19.9	35.0	98
20	3	26	16	50	18	19.9	35.0	98
20	3	26	16	50	19	19.9	35.0	97
20	3	26	16	50	20	19.9	35.0	97
20	3	26	16	50	21	19.9	35.0	98
20	3	26	16	50	22	19.9	35.0	97
20	3	26	16	50	23	19.9	35.0	98
20	3	26	16	50	24	19.9	35.0	98
20	3	26	16	50	25	19.9	35.0	98
20	3	26	16	50	26	19.9	35.0	98
20	3	26	16	50	27	19.9	35.0	98
20	3	26	16	50	28	19.9	35.0	98
20	3	26	16	50	29	19.9	35.0	97
20	3	26	16	50	30	19.9	35.0	98
20	3	26	16	50	31	19.9	35.0	98
20	3	26	16	50	32	19.9	35.0	98
20	3	26	16	50	33	19.9	35.0	97
20	3	26	16	50	34	19.9	35.0	98
20	3	26	16	50	35	19.9	35.0	96
20	3	26	16	50	36	19.9	35.0	98
20	3	26	16	50	37	19.9	35.0	98
20	3	26	16	50	38	19.9	35.0	98
20	3	26	16	50	39	19.9	35.0	98
20	3	26	16	50	40	19.9	35.0	97
20	3	26	16	50	41	19.9	35.0	97
20	3	26	16	50	42	19.9	35.0	98
20	3	26	16	50	43	19.9	35.0	96
20	3	26	16	50	44	19.9	35.0	98
20	3	26	16	50	45	19.9	35.0	98
20	3	26	16	50	46	19.9	35.0	98
20	3	26	16	50	47	19.9	35.0	98
20	3	26	16	50	48	19.9	35.0	97
20	3	26	16	50	49	19.9	35.0	98
20	3	26	16	50	50	19.9	35.0	98
20	3	26	16	50	51	19.9	35.0	97
20	3	26	16	50	52	19.9	35.0	98
20	3	26	16	50	53	19.9	35.0	98
20	3	26	16	50	54	19.9	35.0	97
20	3	26	16	50	55	19.9	35.0	98
20	3	26	16	50	56	19.9	35.0	98
20	3	26	16	50	57	19.9	35.0	97
20	3	26	16	50	58	19.9	35.0	98
20	3	26	16	50	59	19.9	35.0	98
20	3	26	16	51	0	19.9	35.0	98
20	3	26	16	51	1	19.9	35.0	97
20	3	26	16	51	2	19.9	35.0	98
20	3	26	16	51	3	19.9	35.0	98
20	3	26	16	51	4	19.9	35.0	97
20	3	26	16	51	5	19.9	35.0	98
20	3	26	16	51	6	19.9	35.0	98
20	3	26	16	51	7	19.9	35.0	97
20	3	26	16	51	8	19.9	35.0	98
20	3	26	16	51	9	19.9	35.0	98
20	3	26	16	51	10	19.9	35.0	98
20	3	26	16	51	11	19.9	35.0	97
20	3	26	16	51	12	19.9	35.0	98
20	3	26	16	51	13	19.9	35.0	97
20	3	26	16	51	14	19.9	35.0	98
20	3	26	16	51	15	19.9	35.0	98
20	3	26	16	51	16	19.9	35.0	98
20	3	26	16	51	17	19.9	35.0	98
20	3	26	16	51	18	19.9	35.0	98
20	3	26	16	51	19	19.9	35.0	97
20	3	26	16	51	20	19.9	35.0	98
20	3	26	16	51	21	19.9	35.0	97
20	3	26	16	51	22	19.9	35.0	98
20	3	26	16	51	23	19.9	35.0	98
20	3	26	16	51	24	19.9	35.0	98
20	3	26	16	51	25	19.9	35.0	98
20	3	26	16	51	26	19.9	35.0	98
20	3	26	16	51	27	19.9	35.0	98
20	3	26	16	51	28	19.9	35.0	98
20	3	26	16	51	29	19.9	35.0	98
20	3	26	16	51	30	19.9	35.0	98
20	3	26	16	51	31	19.9	35.0	98
20	3	26	16	51	32	19.9	35.0	98
20	3	26	16	51	33	19.9	35.0	98
20	3	26	16	51	34	19.9	35.0	97
20	3	26	16	51	35	19.9	35.0	97
20	3	26	16	51	36	19.9	35.0	97
20	3	26	16	51	37	19.9	35.0	98
20	3	26	16	51	38	19.9	35.0	98
20	3	26	16	51	39	19.9	35.0	97
20	3	26	16	51	40	19.9	35.0	98
20	3	26	16	51	41	19.9	35.0	98
20	3	26	16	51	42	19.9	35.0	98
20	3	26	16	51	43	19.9	35.0	98
20	3	26	16	51	44	19.9	35.0	98
20	3	26	16	51	45	19.9	35.0	98
20	3	26	16	51	46	19.9	35.0	98
20	3	26	16	51	47	19.9	35.0	97
20	3	26	16	51	48	19.9	35.0	98
20	3	26	16	51	49	19.9	35.0	98
20	3	26	16	51	50	19.9	35.0	98
20	3	26	16	51	51	19.9	35.0	98
20	3	26	16	51	52	19.9	35.0	97
20	3	26	16	51	53	19.9	35.0	98
20	3	26	16	51	54	19.9	35.0	98
20	3	26	16	51	55	19.9	35.0	98
20	3	26	16	51	56	19.9	35.0	98
20	3	26	16	51	57	19.9	35.0	98
20	3	26	16	51	58	19.9	35.0	97
20	3	26	16	51	59	19.9	35.0	98
20	3	26	16	52	0	19.9	35.0	98
20	3	26	16	52	1	19.9	35.0	98
20	3	26	16	52	2	19.9	35.0	98
20	3	26	16	52	3	19.9	35.0	97
20	3	26	16	52	4	19.9	35.0	97
20	3	26	16	52	5	19.9	35.0	98
20	3	26	16	52	6	19.9	35.0	97
20	3	26	16	52	7	19.9	35.0	98
20	3	26	16	52	8	19.9	35.0	98
20	3	26	16	52	9	19.9	35.0	98
20	3	26	16	52	10	19.9	35.0	98
20	3	26	16	52	11	19.9	35.0	98
20	3	26	16	52	12	19.9	35.0	97
20	3	26	16	52	13	19.9	35.0	98
20	3	26	16	52	14	19.9	35.0	98
20	3	26	16	52	15	19.9	35.0	98
20	3	26	16	52	16	19.9	35.0	98
20	3	26	16	52	17	19.9	35.0	98
20	3	26	16	52	18	19.9	35.0	98
20	3	26	16	52	19	19.9	35.0	97
20	3	26	16	52	20	19.9	35.0	98
20	3	26	16	52	21	19.9	35.0	98
20	3	26	16	52	22	19.9	35.0	97
20	3	26	16	52	23	19.9	35.0	98
20	3	26	16	52	24	19.9	35.0	98
20	3	26	16	52	25	19.9	35.0	98
20	3	26	16	52	26	19.9	35.0	98
20	3	26	16	52	27	19.9	35.0	97
20	3	26	16	52	28	19.9	35.0	98
20	3	26	16	52	29	19.9	35.0	98
20	3	26	16	52	30	19.9	35.0	98
20	3	26	16	52	31	19.9	35.0	97
20	3	26	16	52	32	19.9	35.0	97
20	3	26	16	52	33	19.9	35.0	97
20	3	26	16	52	34	19.9	35.0	97
20	3	26	16	52	35	19.9	35.0	97
20	3	26	16	52	36	19.9	35.0	98
20	3	26	16	52	37	19.9	35.0	98
20	3	26	16	52	38	19.9	35.0	97
20	3	26	16	52	39	19.9	35.0	97
20	3	26	16	52	40	19.9	35.0	98
20	3	26	16	52	41	19.9	35.0	98
20	3	26	16	52	42	19.9	35.0	98
20	3	26	16	52	43	19.9	35.0	98
20	3	26	16	52	44	19.9	35.0	98
20	3	26	16	52	45	19.9	35.0	98
20	3	26	16	52	46	19.9	35.0	98
20	3	26	16	52	47	19.9	35.0	98
20	3	26	16	52	48	19.9	35.0	97
20	3	26	16	52	49	19.9	35.0	98
20	3	26	16	52	50	19.9	35.0	98
20	3	26	16	52	51	19.9	35.0	98
20	3	26	16	52	52	19.9	35.0	95
20	3	26	16	52	53	19.9	35.0	98
20	3	26	16	52	54	19.9	35.0	97
20	3	26	16	52	55	19.9	35.0	98
20	3	26	16	52	56	19.9	35.0	98
20	3	26	16	52	57	19.9	35.0	98
20	3	26	16	52	58	19.9	35.0	98
20	3	26	16	52	59	19.9	35.0	98
20	3	26	16	53	0	19.9	35.0	98
20	3	26	16	53	1	19.9	35.0	98
20	3	26	16	53	2	19.9	35.0	98
