Jour	Mois	Année	Heure	Minute	Seconde	Temp(°C) Hum(%) Lum(%)
21	3	26	8	50	16	0.0	0.0	0
21	3	26	8	50	17	17.1	64.0	55
21	3	26	8	50	18	17.1	64.0	55
21	3	26	8	50	19	17.1	64.0	55
21	3	26	8	50	20	17.1	64.0	55
21	3	26	8	50	21	17.1	64.0	56
21	3	26	8	50	22	17.1	64.0	56
21	3	26	8	50	23	17.1	64.0	57
21	3	26	8	50	24	17.1	64.0	56
21	3	26	8	50	25	17.1	64.0	56
21	3	26	8	50	26	17.1	64.0	56
21	3	26	8	50	27	17.1	64.0	61
21	3	26	8	50	28	17.1	64.0	68
21	3	26	8	50	29	17.1	64.0	62
21	3	26	8	50	30	17.1	64.0	60
21	3	26	8	50	31	17.1	64.0	59
21	3	26	8	50	32	17.1	64.0	60
21	3	26	8	50	33	17.0	64.0	57
21	3	26	8	50	34	17.0	64.0	56
21	3	26	8	50	35	17.1	64.0	56
21	3	26	8	50	36	17.1	64.0	60
21	3	26	8	50	37	17.0	64.0	56
21	3	26	8	50	38	17.0	64.0	56
21	3	26	8	50	39	17.0	64.0	56
21	3	26	8	50	40	17.0	64.0	56
21	3	26	8	50	41	17.0	64.0	57
21	3	26	8	50	42	17.0	64.0	57
21	3	26	8	50	43	17.0	64.0	57
21	3	26	8	50	44	17.0	64.0	57
21	3	26	8	50	45	17.0	64.0	56
21	3	26	8	50	46	17.0	64.0	63
21	3	26	8	50	47	17.0	64.0	63
21	3	26	8	50	48	17.0	64.0	63
21	3	26	8	50	49	17.0	64.0	63
21	3	26	8	50	50	17.0	64.0	63
21	3	26	8	50	51	17.0	64.0	63
21	3	26	8	50	52	17.0	64.0	63
21	3	26	8	50	53	17.0	64.0	70
21	3	26	8	50	54	17.0	64.0	81
21	3	26	8	50	55	17.0	64.0	93
21	3	26	8	50	56	17.0	64.0	89
21	3	26	8	50	57	17.0	64.0	84
21	3	26	8	50	58	17.0	64.0	61
21	3	26	8	50	59	17.0	64.0	75
21	3	26	8	51	0	17.0	64.0	78
21	3	26	8	51	1	17.0	64.0	44
21	3	26	8	51	2	17.0	64.0	48
21	3	26	8	51	3	17.0	64.0	43
21	3	26	8	51	4	17.0	64.0	35
21	3	26	8	51	5	17.0	64.0	34
21	3	26	8	51	6	17.0	64.0	33
21	3	26	8	51	7	17.0	64.0	33
21	3	26	8	51	8	17.0	64.0	31
21	3	26	8	51	9	17.0	64.0	30
21	3	26	8	51	10	17.0	64.0	30
21	3	26	8	51	11	17.0	64.0	30
21	3	26	8	51	12	17.0	64.0	31
21	3	26	8	51	13	17.0	64.0	31
21	3	26	8	51	14	17.0	64.0	31
21	3	26	8	51	15	17.0	64.0	36
21	3	26	8	51	16	17.0	64.0	36
21	3	26	8	51	17	17.0	64.0	35
21	3	26	8	51	18	17.0	64.0	37
21	3	26	8	51	19	17.0	64.0	34
21	3	26	8	51	20	17.0	64.0	42
21	3	26	8	51	21	17.0	64.0	41
21	3	26	8	51	22	17.0	64.0	41
21	3	26	8	51	23	17.0	64.0	40
21	3	26	8	51	24	17.0	64.0	40
21	3	26	8	51	25	17.0	64.0	40
21	3	26	8	51	26	17.0	64.0	41
21	3	26	8	51	27	17.0	64.0	43
21	3	26	8	51	28	17.0	64.0	52
21	3	26	8	51	29	17.0	64.0	45
21	3	26	8	51	30	17.0	64.0	45
21	3	26	8	51	31	17.0	64.0	45
21	3	26	8	51	32	17.0	64.0	45
21	3	26	8	51	33	17.0	64.0	45
21	3	26	8	51	34	17.0	64.0	46
21	3	26	8	51	35	17.0	64.0	45
21	3	26	8	51	36	17.0	64.0	54
21	3	26	8	51	37	17.0	64.0	53
21	3	26	8	51	38	17.0	64.0	46
21	3	26	8	51	39	17.0	64.0	45
21	3	26	8	51	40	17.0	64.0	45
21	3	26	8	51	41	17.0	64.0	43
21	3	26	8	51	42	17.0	64.0	43
21	3	26	8	51	43	17.1	64.0	48
21	3	26	8	51	44	17.1	64.0	48
21	3	26	8	51	45	17.0	64.0	48
21	3	26	8	51	46	17.0	64.0	48
21	3	26	8	51	47	17.0	64.0	48
21	3	26	8	51	48	17.0	64.0	46
21	3	26	8	51	49	17.0	64.0	45
21	3	26	8	51	50	17.0	64.0	43
21	3	26	8	51	51	17.0	64.0	44
21	3	26	8	51	52	17.0	64.0	39
21	3	26	8	51	53	17.0	64.0	35
21	3	26	8	51	54	17.0	64.0	34
21	3	26	8	51	55	17.0	64.0	31
21	3	26	8	51	56	17.0	64.0	32
21	3	26	8	51	57	17.0	64.0	32
21	3	26	8	51	58	17.0	64.0	30
21	3	26	8	51	59	17.0	64.0	32
21	3	26	8	52	0	17.0	64.0	32
21	3	26	8	52	1	17.0	64.0	46
21	3	26	8	52	2	17.0	64.0	52
21	3	26	8	52	3	17.0	64.0	71
21	3	26	8	52	4	17.0	64.0	75
21	3	26	8	52	5	17.0	64.0	57
21	3	26	8	52	6	17.0	64.0	58
21	3	26	8	52	7	17.0	64.0	59
21	3	26	8	52	8	17.0	64.0	58
21	3	26	8	52	9	17.0	64.0	59
21	3	26	8	52	10	17.0	64.0	62
21	3	26	8	52	11	17.0	64.0	59
21	3	26	8	52	12	17.0	64.0	59
21	3	26	8	52	13	17.0	64.0	59
21	3	26	8	52	14	17.0	64.0	58
21	3	26	8	52	15	17.0	64.0	59
21	3	26	8	52	16	17.0	64.0	57
21	3	26	8	52	17	17.0	64.0	68
21	3	26	8	52	18	17.0	64.0	58
21	3	26	8	52	19	17.0	64.0	59
21	3	26	8	52	20	17.0	64.0	61
21	3	26	8	52	21	17.0	64.0	63
21	3	26	8	52	22	17.0	64.0	64
21	3	26	8	52	23	17.0	64.0	63
21	3	26	8	52	24	17.0	64.0	62
21	3	26	8	52	25	17.0	64.0	62
21	3	26	8	52	26	17.0	64.0	65
21	3	26	8	52	27	17.0	64.0	60
21	3	26	8	52	28	17.0	64.0	78
21	3	26	8	52	29	17.0	64.0	76
21	3	26	8	52	30	17.0	64.0	76
21	3	26	8	52	31	17.0	64.0	75
21	3	26	8	52	32	17.0	64.0	73
21	3	26	8	52	33	17.0	64.0	72
21	3	26	8	52	34	17.0	64.0	72
21	3	26	8	52	35	17.0	64.0	72
21	3	26	8	52	36	17.0	64.0	72
21	3	26	8	52	37	17.0	64.0	72
21	3	26	8	52	38	17.0	64.0	73
21	3	26	8	52	39	17.0	64.0	72
21	3	26	8	52	40	17.0	64.0	72
21	3	26	8	52	41	17.0	64.0	73
21	3	26	8	52	42	17.0	64.0	75
21	3	26	8	52	43	17.0	64.0	65
21	3	26	8	52	44	17.0	64.0	63
21	3	26	8	52	45	17.0	64.0	61
21	3	26	8	52	46	17.0	64.0	62
21	3	26	8	52	47	17.0	64.0	62
21	3	26	8	52	48	17.0	64.0	62
21	3	26	8	52	49	17.0	64.0	62
21	3	26	8	52	50	17.0	64.0	69
21	3	26	8	52	51	17.0	64.0	72
21	3	26	8	52	52	17.0	64.0	67
21	3	26	8	52	53	17.0	64.0	67
21	3	26	8	52	54	17.0	64.0	67
21	3	26	8	52	55	17.0	64.0	67
21	3	26	8	52	56	17.0	64.0	67
21	3	26	8	52	57	17.0	64.0	66
21	3	26	8	52	58	17.0	64.0	64
21	3	26	8	52	59	17.0	64.0	63
21	3	26	8	53	0	17.0	64.0	71
21	3	26	8	53	1	17.0	64.0	71
21	3	26	8	53	2	17.0	64.0	66
21	3	26	8	53	3	17.0	64.0	63
21	3	26	8	53	4	17.0	64.0	69
21	3	26	8	53	5	17.0	64.0	64
21	3	26	8	53	6	17.0	64.0	63
21	3	26	8	53	7	17.0	64.0	62
21	3	26	8	53	8	17.0	64.0	61
21	3	26	8	53	9	17.0	64.0	61
21	3	26	8	53	10	17.0	64.0	61
21	3	26	8	53	11	17.0	64.0	62
21	3	26	8	53	12	17.0	64.0	62
21	3	26	8	53	13	17.0	64.0	65
21	3	26	8	53	14	17.0	64.0	64
21	3	26	8	53	15	17.0	64.0	62
21	3	26	8	53	16	17.0	64.0	61
21	3	26	8	53	17	17.0	64.0	61
21	3	26	8	53	18	17.0	64.0	61
21	3	26	8	53	19	17.0	64.0	61
21	3	26	8	53	20	17.0	64.0	61
21	3	26	8	53	21	17.0	64.0	60
21	3	26	8	53	22	17.0	64.0	61
21	3	26	8	53	23	17.0	65.0	60
21	3	26	8	53	24	17.0	65.0	58
21	3	26	8	53	25	17.0	65.0	57
21	3	26	8	53	26	17.0	65.0	56
21	3	26	8	53	27	17.0	65.0	55
21	3	26	8	53	28	17.0	65.0	55
21	3	26	8	53	29	17.0	65.0	55
21	3	26	8	53	30	17.0	65.0	55
21	3	26	8	53	31	17.0	65.0	55
21	3	26	8	53	32	17.0	65.0	56
21	3	26	8	53	33	17.0	65.0	57
21	3	26	8	53	34	16.9	65.0	59
21	3	26	8	53	35	16.9	65.0	61
21	3	26	8	53	36	16.9	65.0	75
21	3	26	8	53	37	16.9	65.0	65
21	3	26	8	53	38	16.9	65.0	69
21	3	26	8	53	39	16.9	65.0	65
21	3	26	8	53	40	16.9	65.0	75
21	3	26	8	53	41	16.9	65.0	83
21	3	26	8	53	42	16.9	65.0	81
21	3	26	8	53	43	16.9	65.0	90
21	3	26	8	53	44	16.9	65.0	85
21	3	26	8	53	45	16.9	65.0	50
21	3	26	8	53	46	16.9	65.0	50
21	3	26	8	53	47	16.9	65.0	49
21	3	26	8	53	48	16.9	65.0	45
21	3	26	8	53	49	16.9	65.0	43
21	3	26	8	53	50	16.9	65.0	44
21	3	26	8	53	51	16.9	65.0	44
21	3	26	8	53	52	16.9	65.0	44
21	3	26	8	53	53	16.9	65.0	44
21	3	26	8	53	54	16.9	65.0	46
21	3	26	8	53	55	16.9	65.0	49
21	3	26	8	53	56	16.9	65.0	51
21	3	26	8	53	57	16.9	64.0	50
21	3	26	8	53	58	16.9	64.0	50
21	3	26	8	53	59	16.9	64.0	51
21	3	26	8	54	0	16.9	64.0	49
21	3	26	8	54	1	16.9	64.0	48
21	3	26	8	54	2	16.9	64.0	49
21	3	26	8	54	3	16.9	64.0	49
21	3	26	8	54	4	16.9	64.0	48
21	3	26	8	54	5	16.9	64.0	47
21	3	26	8	54	6	16.9	65.0	48
21	3	26	8	54	7	16.9	65.0	47
21	3	26	8	54	8	16.9	65.0	44
21	3	26	8	54	9	16.9	65.0	43
21	3	26	8	54	10	16.9	65.0	43
21	3	26	8	54	11	16.9	65.0	44
21	3	26	8	54	12	16.9	65.0	44
21	3	26	8	54	13	16.9	65.0	45
21	3	26	8	54	14	16.9	65.0	46
21	3	26	8	54	15	16.9	65.0	46
21	3	26	8	54	16	16.9	65.0	46
21	3	26	8	54	17	16.9	64.0	46
21	3	26	8	54	18	16.9	64.0	46
21	3	26	8	54	19	16.9	64.0	47
21	3	26	8	54	20	16.9	64.0	50
21	3	26	8	54	21	16.9	64.0	49
21	3	26	8	54	22	16.9	64.0	49
21	3	26	8	54	23	16.9	64.0	50
21	3	26	8	54	24	16.9	64.0	49
21	3	26	8	54	25	16.9	64.0	49
21	3	26	8	54	26	16.9	64.0	49
21	3	26	8	54	27	16.9	64.0	49
21	3	26	8	54	28	16.9	64.0	49
21	3	26	8	54	29	16.9	64.0	49
21	3	26	8	54	30	16.9	64.0	50
21	3	26	8	54	31	16.9	65.0	50
21	3	26	8	54	32	16.9	65.0	50
21	3	26	8	54	33	16.9	65.0	63
21	3	26	8	54	34	16.9	65.0	57
21	3	26	8	54	35	16.9	65.0	54
21	3	26	8	54	36	16.9	65.0	52
21	3	26	8	54	37	16.9	65.0	78
21	3	26	8	54	38	16.9	65.0	49
21	3	26	8	54	39	16.9	65.0	48
21	3	26	8	54	40	16.9	65.0	49
21	3	26	8	54	41	16.9	65.0	49
21	3	26	8	54	42	16.9	64.0	49
21	3	26	8	54	43	16.9	64.0	49
21	3	26	8	54	44	16.9	64.0	48
21	3	26	8	54	45	16.9	64.0	49
21	3	26	8	54	46	16.9	64.0	49
21	3	26	8	54	47	16.9	64.0	50
21	3	26	8	54	48	16.9	64.0	50
21	3	26	8	54	49	16.9	64.0	51
21	3	26	8	54	50	16.9	64.0	50
21	3	26	8	54	51	16.9	64.0	51
21	3	26	8	54	52	16.9	64.0	52
21	3	26	8	54	53	16.9	64.0	51
21	3	26	8	54	54	16.9	64.0	50
21	3	26	8	54	55	16.9	64.0	50
21	3	26	8	54	56	16.9	64.0	50
21	3	26	8	54	57	16.9	64.0	49
21	3	26	8	54	58	16.9	64.0	49
21	3	26	8	54	59	16.9	64.0	50
21	3	26	8	55	0	16.9	64.0	50
21	3	26	8	55	1	16.9	64.0	49
21	3	26	8	55	2	16.9	64.0	49
21	3	26	8	55	3	16.9	64.0	49
21	3	26	8	55	4	16.9	64.0	49
21	3	26	8	55	5	16.9	64.0	49
21	3	26	8	55	6	16.9	64.0	49
21	3	26	8	55	7	16.9	64.0	49
21	3	26	8	55	8	16.9	64.0	50
21	3	26	8	55	9	16.9	64.0	50
21	3	26	8	55	10	16.9	64.0	51
21	3	26	8	55	11	16.9	64.0	52
21	3	26	8	55	12	16.9	64.0	52
21	3	26	8	55	13	16.9	64.0	52
21	3	26	8	55	14	16.9	64.0	53
21	3	26	8	55	15	16.9	64.0	53
21	3	26	8	55	16	16.9	64.0	53
21	3	26	8	55	17	16.9	64.0	53
21	3	26	8	55	18	16.9	64.0	53
21	3	26	8	55	19	16.9	64.0	53
21	3	26	8	55	20	16.9	64.0	53
21	3	26	8	55	21	16.9	64.0	53
21	3	26	8	55	22	16.9	64.0	53
21	3	26	8	55	23	16.9	64.0	53
21	3	26	8	55	24	16.9	64.0	53
21	3	26	8	55	25	16.9	64.0	53
21	3	26	8	55	26	16.9	64.0	53
21	3	26	8	55	27	16.9	64.0	53
21	3	26	8	55	28	16.9	64.0	53
21	3	26	8	55	29	16.9	64.0	53
21	3	26	8	55	30	17.0	64.0	53
21	3	26	8	55	31	17.0	64.0	52
21	3	26	8	55	32	17.0	64.0	52
21	3	26	8	55	33	17.0	64.0	53
21	3	26	8	55	34	17.0	64.0	53
21	3	26	8	55	35	17.0	64.0	53
21	3	26	8	55	36	17.0	64.0	53
21	3	26	8	55	37	16.9	64.0	53
21	3	26	8	55	38	16.9	64.0	53
21	3	26	8	55	39	16.9	64.0	53
21	3	26	8	55	40	16.9	64.0	53
21	3	26	8	55	41	17.0	64.0	53
21	3	26	8	55	42	17.0	64.0	53
21	3	26	8	55	43	17.0	64.0	53
21	3	26	8	55	44	17.0	64.0	53
21	3	26	8	55	45	17.0	64.0	53
21	3	26	8	55	46	17.0	64.0	52
21	3	26	8	55	47	17.0	64.0	53
21	3	26	8	55	48	16.9	64.0	53
21	3	26	8	55	49	16.9	64.0	53
21	3	26	8	55	50	17.0	64.0	52
21	3	26	8	55	51	17.0	64.0	52
21	3	26	8	55	52	17.0	64.0	51
21	3	26	8	55	53	17.0	64.0	52
21	3	26	8	55	54	17.0	64.0	52
21	3	26	8	55	55	17.0	64.0	52
21	3	26	8	55	56	17.0	64.0	52
21	3	26	8	55	57	17.0	64.0	52
21	3	26	8	55	58	17.0	64.0	52
21	3	26	8	55	59	17.0	64.0	51
21	3	26	8	56	0	17.0	64.0	52
21	3	26	8	56	1	17.0	64.0	51
21	3	26	8	56	2	16.9	64.0	52
21	3	26	8	56	3	16.9	64.0	52
21	3	26	8	56	4	17.0	64.0	52
21	3	26	8	56	5	17.0	64.0	52
21	3	26	8	56	6	17.0	64.0	53
21	3	26	8	56	7	17.0	64.0	79
21	3	26	8	56	8	16.9	64.0	56
21	3	26	8	56	9	16.9	64.0	54
21	3	26	8	56	10	16.9	64.0	52
21	3	26	8	56	11	16.9	65.0	57
21	3	26	8	56	12	16.9	65.0	64
21	3	26	8	56	13	17.0	65.0	65
21	3	26	8	56	14	17.0	65.0	58
21	3	26	8	56	15	16.9	65.0	53
21	3	26	8	56	16	16.9	65.0	53
21	3	26	8	56	17	16.9	65.0	53
21	3	26	8	56	18	17.0	65.0	53
21	3	26	8	56	19	17.0	65.0	53
21	3	26	8	56	20	16.9	65.0	53
21	3	26	8	56	21	16.9	65.0	53
21	3	26	8	56	22	16.9	65.0	53
21	3	26	8	56	23	16.9	65.0	53
21	3	26	8	56	24	16.9	65.0	53
21	3	26	8	56	25	16.9	65.0	60
21	3	26	8	56	26	16.9	65.0	58
21	3	26	8	56	27	16.9	65.0	55
21	3	26	8	56	28	16.9	65.0	54
21	3	26	8	56	29	16.9	65.0	54
21	3	26	8	56	30	16.9	65.0	55
21	3	26	8	56	31	16.9	65.0	55
21	3	26	8	56	32	16.9	65.0	55
21	3	26	8	56	33	16.9	65.0	55
21	3	26	8	56	34	16.9	65.0	55
21	3	26	8	56	35	16.9	65.0	45
21	3	26	8	56	36	16.9	65.0	50
21	3	26	8	56	37	16.9	65.0	50
21	3	26	8	56	38	16.9	65.0	50
21	3	26	8	56	39	16.9	65.0	49
21	3	26	8	56	40	16.9	65.0	49
21	3	26	8	56	41	16.9	65.0	49
21	3	26	8	56	42	16.9	65.0	48
21	3	26	8	56	43	16.9	65.0	48
21	3	26	8	56	44	16.9	65.0	48
21	3	26	8	56	45	16.9	65.0	48
21	3	26	8	56	46	16.9	65.0	48
21	3	26	8	56	47	16.9	65.0	48
21	3	26	8	56	48	16.9	65.0	47
21	3	26	8	56	49	16.9	65.0	46
21	3	26	8	56	50	16.9	65.0	50
21	3	26	8	56	51	16.9	65.0	50
21	3	26	8	56	52	16.9	65.0	49
21	3	26	8	56	53	16.9	65.0	49
21	3	26	8	56	54	16.9	65.0	50
21	3	26	8	56	55	16.9	65.0	50
21	3	26	8	56	56	16.9	65.0	49
21	3	26	8	56	57	16.9	65.0	50
21	3	26	8	56	58	16.9	65.0	50
21	3	26	8	56	59	16.9	65.0	50
21	3	26	8	57	0	16.9	65.0	50
21	3	26	8	57	1	16.9	65.0	51
21	3	26	8	57	2	16.9	65.0	51
21	3	26	8	57	3	16.9	65.0	51
21	3	26	8	57	4	16.9	65.0	51
21	3	26	8	57	5	16.9	65.0	51
21	3	26	8	57	6	16.9	65.0	51
21	3	26	8	57	7	16.9	65.0	48
21	3	26	8	57	8	16.9	65.0	47
21	3	26	8	57	9	16.9	65.0	48
21	3	26	8	57	10	16.9	65.0	48
21	3	26	8	57	11	16.9	65.0	47
21	3	26	8	57	12	16.9	65.0	45
21	3	26	8	57	13	16.9	65.0	44
21	3	26	8	57	14	16.9	65.0	44
21	3	26	8	57	15	16.9	65.0	44
21	3	26	8	57	16	16.9	65.0	43
21	3	26	8	57	17	16.9	65.0	43
21	3	26	8	57	18	16.9	65.0	44
21	3	26	8	57	19	16.9	65.0	45
21	3	26	8	57	20	16.9	65.0	45
21	3	26	8	57	21	16.9	65.0	46
21	3	26	8	57	22	16.9	65.0	47
21	3	26	8	57	23	16.9	65.0	48
21	3	26	8	57	24	16.9	65.0	48
21	3	26	8	57	25	16.9	65.0	46
21	3	26	8	57	26	16.9	65.0	45
21	3	26	8	57	27	16.9	65.0	43
21	3	26	8	57	28	16.9	65.0	42
21	3	26	8	57	29	16.9	65.0	43
21	3	26	8	57	30	16.9	65.0	34
21	3	26	8	57	31	16.9	65.0	38
21	3	26	8	57	32	16.9	65.0	38
21	3	26	8	57	33	16.9	65.0	38
21	3	26	8	57	34	16.9	65.0	38
21	3	26	8	57	35	16.9	65.0	37
21	3	26	8	57	36	16.9	65.0	35
21	3	26	8	57	37	16.9	65.0	78
21	3	26	8	57	38	16.9	65.0	75
21	3	26	8	57	39	16.9	65.0	71
21	3	26	8	57	40	16.9	65.0	76
21	3	26	8	57	41	16.9	65.0	58
21	3	26	8	57	42	16.9	65.0	34
21	3	26	8	57	43	16.9	65.0	34
21	3	26	8	57	44	16.9	65.0	35
21	3	26	8	57	45	16.9	65.0	38
21	3	26	8	57	46	16.9	65.0	76
21	3	26	8	57	47	16.9	65.0	79
21	3	26	8	57	48	16.9	65.0	79
21	3	26	8	57	49	16.9	65.0	82
21	3	26	8	57	50	16.9	65.0	84
21	3	26	8	57	51	16.9	65.0	85
21	3	26	8	57	52	16.9	65.0	88
21	3	26	8	57	53	16.9	65.0	89
21	3	26	8	57	54	16.9	65.0	89
21	3	26	8	57	55	16.9	65.0	91
21	3	26	8	57	56	16.9	65.0	92
21	3	26	8	57	57	16.9	65.0	95
21	3	26	8	57	58	16.9	65.0	95
21	3	26	8	57	59	16.8	65.0	92
21	3	26	8	58	0	16.8	65.0	90
21	3	26	8	58	1	16.9	65.0	91
21	3	26	8	58	2	16.9	65.0	91
21	3	26	8	58	3	16.9	65.0	89
21	3	26	8	58	4	16.8	65.0	91
21	3	26	8	58	5	16.8	65.0	91
21	3	26	8	58	6	16.8	65.0	90
21	3	26	8	58	7	16.8	65.0	91
21	3	26	8	58	8	16.9	65.0	91
21	3	26	8	58	9	16.9	65.0	90
21	3	26	8	58	10	16.9	65.0	90
21	3	26	8	58	11	16.9	65.0	90
21	3	26	8	58	12	16.9	65.0	89
21	3	26	8	58	13	16.9	65.0	90
21	3	26	8	58	14	16.9	65.0	91
21	3	26	8	58	15	16.8	65.0	92
21	3	26	8	58	16	16.8	65.0	91
21	3	26	8	58	17	16.9	65.0	97
21	3	26	8	58	18	16.9	65.0	97
21	3	26	8	58	19	16.9	65.0	97
21	3	26	8	58	20	16.9	65.0	95
21	3	26	8	58	21	16.9	65.0	94
21	3	26	8	58	22	16.8	65.0	80
21	3	26	8	58	23	16.8	65.0	81
21	3	26	8	58	24	16.8	65.0	80
21	3	26	8	58	25	16.8	65.0	74
21	3	26	8	58	26	16.8	65.0	75
21	3	26	8	58	27	16.8	65.0	74
21	3	26	8	58	28	16.8	65.0	55
21	3	26	8	58	29	16.9	65.0	53
21	3	26	8	58	30	16.9	65.0	54
21	3	26	8	58	31	16.9	65.0	53
21	3	26	8	58	32	16.9	65.0	52
21	3	26	8	58	33	16.9	65.0	53
21	3	26	8	58	34	16.9	65.0	65
21	3	26	8	58	35	16.9	65.0	62
21	3	26	8	58	36	16.8	65.0	61
21	3	26	8	58	37	16.8	65.0	62
21	3	26	8	58	38	16.8	65.0	62
21	3	26	8	58	39	16.8	65.0	74
21	3	26	8	58	40	16.9	65.0	64
21	3	26	8	58	41	16.9	65.0	60
21	3	26	8	58	42	16.8	65.0	53
21	3	26	8	58	43	16.8	65.0	51
21	3	26	8	58	44	16.8	65.0	46
21	3	26	8	58	45	16.9	65.0	43
21	3	26	8	58	46	16.9	65.0	42
21	3	26	8	58	47	16.9	65.0	42
21	3	26	8	58	48	16.9	65.0	42
21	3	26	8	58	49	16.9	65.0	43
21	3	26	8	58	50	16.9	65.0	44
21	3	26	8	58	51	16.9	65.0	45
21	3	26	8	58	52	16.9	65.0	47
21	3	26	8	58	53	16.9	65.0	48
21	3	26	8	58	54	16.9	65.0	50
21	3	26	8	58	55	16.9	65.0	55
21	3	26	8	58	56	16.9	65.0	54
21	3	26	8	58	57	16.9	65.0	55
21	3	26	8	58	58	16.9	65.0	55
21	3	26	8	58	59	16.9	65.0	56
21	3	26	8	59	0	16.9	65.0	57
21	3	26	8	59	1	16.9	65.0	57
21	3	26	8	59	2	16.9	65.0	57
21	3	26	8	59	3	16.9	65.0	54
21	3	26	8	59	4	16.9	65.0	52
21	3	26	8	59	5	16.9	65.0	54
21	3	26	8	59	6	16.9	65.0	53
21	3	26	8	59	7	16.9	65.0	53
21	3	26	8	59	8	16.9	65.0	53
21	3	26	8	59	9	16.9	65.0	53
21	3	26	8	59	10	16.9	65.0	54
21	3	26	8	59	11	16.9	65.0	53
21	3	26	8	59	12	16.9	65.0	53
21	3	26	8	59	13	16.9	65.0	54
21	3	26	8	59	14	16.9	65.0	54
21	3	26	8	59	15	16.9	65.0	53
21	3	26	8	59	16	16.9	65.0	53
21	3	26	8	59	17	16.9	65.0	59
21	3	26	8	59	18	16.9	65.0	65
21	3	26	8	59	19	16.9	65.0	66
21	3	26	8	59	20	16.9	65.0	55
21	3	26	8	59	21	16.9	65.0	58
21	3	26	8	59	22	16.9	65.0	73
21	3	26	8	59	23	16.9	65.0	72
21	3	26	8	59	24	16.9	65.0	69
21	3	26	8	59	25	16.9	65.0	69
21	3	26	8	59	26	16.9	65.0	69
21	3	26	8	59	27	16.9	67.0	70
21	3	26	8	59	28	16.9	67.0	71
21	3	26	8	59	29	16.9	68.0	71
21	3	26	8	59	30	16.9	68.0	71
21	3	26	8	59	31	16.9	68.0	72
21	3	26	8	59	32	16.9	67.0	72
21	3	26	8	59	33	16.9	67.0	73
21	3	26	8	59	34	16.9	67.0	73
21	3	26	8	59	35	16.9	67.0	72
21	3	26	8	59	36	16.9	66.0	68
21	3	26	8	59	37	16.9	66.0	68
21	3	26	8	59	38	16.9	66.0	69
21	3	26	8	59	39	16.9	66.0	69
21	3	26	8	59	40	16.9	66.0	69
21	3	26	8	59	41	16.9	66.0	69
21	3	26	8	59	42	16.9	66.0	70
21	3	26	8	59	43	16.9	66.0	70
21	3	26	8	59	44	16.9	66.0	70
21	3	26	8	59	45	16.9	66.0	70
21	3	26	8	59	46	16.9	66.0	70
21	3	26	8	59	47	16.9	66.0	70
21	3	26	8	59	48	16.9	65.0	70
21	3	26	8	59	49	16.9	65.0	70
21	3	26	8	59	50	16.9	65.0	71
21	3	26	8	59	51	16.9	65.0	71
21	3	26	8	59	52	16.9	65.0	71
21	3	26	8	59	53	16.9	65.0	71
21	3	26	8	59	54	16.9	65.0	72
21	3	26	8	59	55	16.9	65.0	72
21	3	26	8	59	56	16.9	65.0	72
21	3	26	8	59	57	16.9	65.0	72
21	3	26	8	59	58	16.9	65.0	71
21	3	26	8	59	59	16.9	65.0	69
21	3	26	9	0	0	16.9	65.0	69
21	3	26	9	0	1	16.9	65.0	68
21	3	26	9	0	2	16.9	65.0	68
21	3	26	9	0	3	16.9	65.0	68
21	3	26	9	0	4	16.9	65.0	68
21	3	26	9	0	5	16.9	65.0	68
21	3	26	9	0	6	16.9	65.0	68
21	3	26	9	0	7	16.9	65.0	71
21	3	26	9	0	8	16.9	65.0	71
21	3	26	9	0	9	16.9	65.0	72
21	3	26	9	0	10	16.9	65.0	73
21	3	26	9	0	11	16.9	65.0	72
21	3	26	9	0	12	16.9	65.0	75
21	3	26	9	0	13	16.9	65.0	74
21	3	26	9	0	14	16.9	65.0	71
21	3	26	9	0	15	16.9	65.0	72
21	3	26	9	0	16	16.9	65.0	74
21	3	26	9	0	17	16.9	65.0	70
21	3	26	9	0	18	16.9	65.0	64
21	3	26	9	0	19	16.9	65.0	74
21	3	26	9	0	20	16.9	65.0	72
21	3	26	9	0	21	16.9	65.0	73
21	3	26	9	0	22	16.9	65.0	73
21	3	26	9	0	23	16.9	65.0	73
21	3	26	9	0	24	16.9	65.0	73
21	3	26	9	0	25	16.9	65.0	75
21	3	26	9	0	26	16.9	65.0	77
21	3	26	9	0	27	16.9	65.0	79
21	3	26	9	0	28	16.9	65.0	88
21	3	26	9	0	29	16.9	65.0	97
21	3	26	9	0	30	16.9	65.0	97
21	3	26	9	0	31	16.9	68.0	83
21	3	26	9	0	32	16.9	68.0	84
21	3	26	9	0	33	16.9	72.0	84
21	3	26	9	0	34	16.9	72.0	85
21	3	26	9	0	35	16.9	71.0	85
21	3	26	9	0	36	16.9	71.0	83
21	3	26	9	0	37	16.9	71.0	78
21	3	26	9	0	38	16.9	69.0	85
21	3	26	9	0	39	16.9	69.0	88
21	3	26	9	0	40	16.9	68.0	90
21	3	26	9	0	41	16.9	68.0	89
21	3	26	9	0	42	16.9	67.0	89
21	3	26	9	0	43	16.9	67.0	91
21	3	26	9	0	44	16.9	67.0	97
21	3	26	9	0	45	16.9	67.0	97
21	3	26	9	0	46	16.9	67.0	97
21	3	26	9	0	47	16.9	66.0	91
21	3	26	9	0	48	16.9	66.0	86
21	3	26	9	0	49	16.9	66.0	85
21	3	26	9	0	50	16.9	66.0	84
21	3	26	9	0	51	16.9	66.0	79
21	3	26	9	0	52	16.9	66.0	81
21	3	26	9	0	53	16.9	66.0	80
21	3	26	9	0	54	16.9	66.0	81
21	3	26	9	0	55	16.9	66.0	80
21	3	26	9	0	56	16.9	65.0	79
21	3	26	9	0	57	16.9	65.0	80
21	3	26	9	0	58	16.9	65.0	81
21	3	26	9	0	59	16.9	65.0	81
21	3	26	9	1	0	16.9	65.0	84
21	3	26	9	1	1	16.9	65.0	83
21	3	26	9	1	2	16.9	65.0	83
21	3	26	9	1	3	16.9	65.0	83
21	3	26	9	1	4	16.9	65.0	84
21	3	26	9	1	5	16.9	65.0	83
21	3	26	9	1	6	16.9	65.0	83
21	3	26	9	1	7	16.9	65.0	83
21	3	26	9	1	8	16.9	65.0	82
21	3	26	9	1	9	16.9	65.0	80
21	3	26	9	1	10	16.9	65.0	79
21	3	26	9	1	11	16.9	65.0	81
21	3	26	9	1	12	16.9	65.0	81
21	3	26	9	1	13	16.9	65.0	81
21	3	26	9	1	14	16.9	65.0	81
21	3	26	9	1	15	16.9	65.0	82
21	3	26	9	1	16	16.9	65.0	82
21	3	26	9	1	17	16.9	65.0	85
21	3	26	9	1	18	16.9	65.0	87
21	3	26	9	1	19	16.9	65.0	86
21	3	26	9	1	20	16.9	65.0	78
21	3	26	9	1	21	16.9	65.0	95
21	3	26	9	1	22	16.9	65.0	92
21	3	26	9	1	23	16.9	65.0	91
21	3	26	9	1	24	16.9	65.0	88
21	3	26	9	1	25	16.9	65.0	91
21	3	26	9	1	26	16.9	65.0	97
21	3	26	9	1	27	16.9	65.0	97
21	3	26	9	1	28	16.9	65.0	97
21	3	26	9	1	29	16.9	65.0	97
21	3	26	9	1	30	16.9	65.0	97
21	3	26	9	1	31	16.9	65.0	97
21	3	26	9	1	32	16.9	65.0	92
21	3	26	9	1	33	16.9	65.0	93
21	3	26	9	1	34	16.9	65.0	95
21	3	26	9	1	35	16.9	65.0	93
21	3	26	9	1	36	16.9	65.0	92
21	3	26	9	1	37	16.9	65.0	90
21	3	26	9	1	38	16.9	65.0	84
21	3	26	9	1	39	16.9	65.0	82
21	3	26	9	1	40	16.9	65.0	81
21	3	26	9	1	41	16.9	65.0	83
21	3	26	9	1	42	16.9	65.0	83
21	3	26	9	1	43	16.9	65.0	84
21	3	26	9	1	44	16.9	65.0	86
21	3	26	9	1	45	16.9	65.0	85
21	3	26	9	1	46	16.9	65.0	87
21	3	26	9	1	47	16.9	65.0	85
21	3	26	9	1	48	16.9	65.0	87
21	3	26	9	1	49	16.9	65.0	87
21	3	26	9	1	50	16.9	65.0	87
21	3	26	9	1	51	16.9	65.0	97
21	3	26	9	1	52	16.9	65.0	95
21	3	26	9	1	53	16.9	65.0	97
21	3	26	9	1	54	16.9	65.0	97
21	3	26	9	1	55	16.9	65.0	97
21	3	26	9	1	56	16.9	65.0	86
21	3	26	9	1	57	16.9	65.0	73
21	3	26	9	1	58	16.9	65.0	71
21	3	26	9	1	59	16.9	65.0	71
21	3	26	9	2	0	16.9	65.0	71
21	3	26	9	2	1	16.9	65.0	71
21	3	26	9	2	2	16.9	65.0	72
21	3	26	9	2	3	16.9	65.0	71
21	3	26	9	2	4	16.9	65.0	71
21	3	26	9	2	5	16.9	65.0	71
21	3	26	9	2	6	16.9	65.0	72
21	3	26	9	2	7	16.9	65.0	73
21	3	26	9	2	8	16.9	65.0	73
21	3	26	9	2	9	16.9	65.0	72
21	3	26	9	2	10	16.9	65.0	72
21	3	26	9	2	11	16.9	65.0	72
21	3	26	9	2	12	16.9	65.0	73
21	3	26	9	2	13	16.9	65.0	73
21	3	26	9	2	14	16.9	65.0	72
21	3	26	9	2	15	16.9	65.0	71
21	3	26	9	2	16	16.9	65.0	70
21	3	26	9	2	17	16.9	65.0	69
21	3	26	9	2	18	16.9	65.0	64
21	3	26	9	2	19	16.9	65.0	65
21	3	26	9	2	20	16.9	65.0	67
21	3	26	9	2	21	16.9	65.0	64
21	3	26	9	2	22	16.9	65.0	62
21	3	26	9	2	23	16.9	65.0	62
21	3	26	9	2	24	16.9	65.0	62
21	3	26	9	2	25	16.9	65.0	63
21	3	26	9	2	26	16.9	65.0	59
21	3	26	9	2	27	16.9	65.0	62
21	3	26	9	2	28	16.9	65.0	63
21	3	26	9	2	29	16.9	65.0	65
21	3	26	9	2	30	16.9	65.0	66
21	3	26	9	2	31	16.9	65.0	65
21	3	26	9	2	32	16.9	65.0	65
21	3	26	9	2	33	16.9	65.0	65
21	3	26	9	2	34	16.9	65.0	64
21	3	26	9	2	35	16.9	65.0	64
21	3	26	9	2	36	16.9	65.0	63
21	3	26	9	2	37	16.9	65.0	63
21	3	26	9	2	38	16.9	65.0	63
21	3	26	9	2	39	16.9	65.0	63
21	3	26	9	2	40	16.9	65.0	64
21	3	26	9	2	41	16.9	65.0	64
21	3	26	9	2	42	16.9	65.0	65
21	3	26	9	2	43	16.9	65.0	65
21	3	26	9	2	44	16.9	65.0	65
21	3	26	9	2	45	16.9	65.0	65
21	3	26	9	2	46	16.9	65.0	70
21	3	26	9	2	47	16.9	65.0	86
21	3	26	9	2	48	16.9	65.0	86
21	3	26	9	2	49	16.9	65.0	88
21	3	26	9	2	50	16.9	64.0	89
21	3	26	9	2	51	16.9	64.0	80
21	3	26	9	2	52	16.9	64.0	97
21	3	26	9	2	53	16.9	64.0	97
21	3	26	9	2	54	16.9	64.0	97
21	3	26	9	2	55	16.9	64.0	97
21	3	26	9	2	56	16.9	64.0	97
21	3	26	9	2	57	16.9	64.0	97
21	3	26	9	2	58	16.9	64.0	97
21	3	26	9	2	59	16.9	64.0	97
21	3	26	9	3	0	16.9	64.0	97
21	3	26	9	3	1	16.9	64.0	97
21	3	26	9	3	2	16.9	64.0	97
21	3	26	9	3	3	16.9	64.0	97
21	3	26	9	3	4	16.9	64.0	97
21	3	26	9	3	5	16.9	64.0	97
21	3	26	9	3	6	16.9	64.0	97
21	3	26	9	3	7	16.9	64.0	97
21	3	26	9	3	8	16.9	64.0	97
21	3	26	9	3	9	16.9	64.0	97
21	3	26	9	3	10	16.9	64.0	97
21	3	26	9	3	11	16.9	64.0	97
21	3	26	9	3	12	16.9	64.0	97
21	3	26	9	3	13	16.9	64.0	97
21	3	26	9	3	14	16.9	64.0	97
21	3	26	9	3	15	16.9	64.0	97
21	3	26	9	3	16	16.9	64.0	97
21	3	26	9	3	17	16.9	64.0	97
21	3	26	9	3	18	16.9	64.0	97
21	3	26	9	3	19	16.9	64.0	97
21	3	26	9	3	20	16.9	64.0	97
21	3	26	9	3	21	16.9	64.0	97
21	3	26	9	3	22	16.9	64.0	97
21	3	26	9	3	23	16.9	64.0	97
21	3	26	9	3	24	16.9	64.0	97
21	3	26	9	3	25	16.9	64.0	97
21	3	26	9	3	26	16.9	64.0	97
21	3	26	9	3	27	16.9	64.0	97
21	3	26	9	3	28	16.9	64.0	97
21	3	26	9	3	29	16.9	64.0	96
21	3	26	9	3	30	16.9	64.0	86
21	3	26	9	3	31	16.9	64.0	90
21	3	26	9	3	32	16.9	64.0	97
21	3	26	9	3	33	16.9	64.0	93
21	3	26	9	3	34	16.9	64.0	90
21	3	26	9	3	35	16.9	64.0	79
21	3	26	9	3	36	16.9	64.0	79
21	3	26	9	3	37	16.9	64.0	88
21	3	26	9	3	38	16.9	64.0	87
21	3	26	9	3	39	16.9	64.0	87
21	3	26	9	3	40	16.9	64.0	93
21	3	26	9	3	41	16.9	64.0	90
21	3	26	9	3	42	16.9	64.0	79
21	3	26	9	3	43	16.9	64.0	79
21	3	26	9	3	44	16.9	64.0	76
21	3	26	9	3	45	16.9	64.0	75
21	3	26	9	3	46	16.9	64.0	72
21	3	26	9	3	47	16.9	64.0	76
21	3	26	9	3	48	16.9	64.0	87
21	3	26	9	3	49	16.9	64.0	84
21	3	26	9	3	50	16.9	64.0	82
21	3	26	9	3	51	16.9	64.0	79
21	3	26	9	3	52	16.9	64.0	78
21	3	26	9	3	53	16.9	65.0	77
21	3	26	9	3	54	16.9	65.0	78
21	3	26	9	3	55	16.9	65.0	78
21	3	26	9	3	56	16.9	65.0	78
21	3	26	9	3	57	16.9	65.0	78
21	3	26	9	3	58	16.9	65.0	79
21	3	26	9	3	59	16.9	65.0	79
21	3	26	9	4	0	16.9	65.0	80
21	3	26	9	4	1	16.9	65.0	96
21	3	26	9	4	2	16.9	65.0	94
21	3	26	9	4	3	16.9	65.0	94
21	3	26	9	4	4	16.9	65.0	94
21	3	26	9	4	5	16.9	65.0	90
21	3	26	9	4	6	16.9	65.0	87
21	3	26	9	4	7	16.9	65.0	88
21	3	26	9	4	8	16.9	65.0	89
21	3	26	9	4	9	16.9	64.0	89
21	3	26	9	4	10	16.9	64.0	89
21	3	26	9	4	11	16.9	64.0	96
21	3	26	9	4	12	16.9	64.0	97
21	3	26	9	4	13	16.9	64.0	97
21	3	26	9	4	14	16.9	64.0	97
21	3	26	9	4	15	16.9	64.0	97
21	3	26	9	4	16	16.9	65.0	97
21	3	26	9	4	17	16.9	65.0	97
21	3	26	9	4	18	16.9	65.0	97
21	3	26	9	4	19	16.9	65.0	97
21	3	26	9	4	20	16.9	65.0	97
21	3	26	9	4	21	16.9	65.0	97
21	3	26	9	4	22	16.9	65.0	97
21	3	26	9	4	23	16.9	65.0	97
21	3	26	9	4	24	16.9	65.0	97
21	3	26	9	4	25	16.9	65.0	97
21	3	26	9	4	26	16.9	65.0	97
21	3	26	9	4	27	16.9	65.0	97
21	3	26	9	4	28	16.9	65.0	97
21	3	26	9	4	29	16.9	65.0	97
21	3	26	9	4	30	16.9	65.0	97
21	3	26	9	4	31	16.9	65.0	97
21	3	26	9	4	32	16.9	65.0	97
21	3	26	9	4	33	16.9	65.0	97
21	3	26	9	4	34	16.9	65.0	97
21	3	26	9	4	35	16.9	65.0	97
21	3	26	9	4	36	16.9	65.0	97
21	3	26	9	4	37	16.9	65.0	97
21	3	26	9	4	38	16.9	65.0	97
21	3	26	9	4	39	16.9	65.0	93
21	3	26	9	4	40	16.9	65.0	96
21	3	26	9	4	41	16.9	65.0	97
21	3	26	9	4	42	16.9	65.0	97
21	3	26	9	4	43	16.9	65.0	97
21	3	26	9	4	44	16.9	65.0	97
21	3	26	9	4	45	16.9	65.0	97
21	3	26	9	4	46	16.9	65.0	97
21	3	26	9	4	47	16.9	65.0	97
21	3	26	9	4	48	16.9	65.0	97
21	3	26	9	4	49	16.9	65.0	97
21	3	26	9	4	50	16.9	65.0	97
21	3	26	9	4	51	16.9	65.0	97
21	3	26	9	4	52	16.9	65.0	97
21	3	26	9	4	53	16.9	65.0	97
21	3	26	9	4	54	16.9	65.0	97
21	3	26	9	4	55	16.8	65.0	97
21	3	26	9	4	56	16.8	65.0	97
21	3	26	9	4	57	16.8	65.0	97
21	3	26	9	4	58	16.8	65.0	97
21	3	26	9	4	59	16.8	65.0	97
21	3	26	9	5	0	16.8	65.0	97
21	3	26	9	5	1	16.9	65.0	97
21	3	26	9	5	2	16.9	65.0	97
21	3	26	9	5	3	16.9	65.0	97
21	3	26	9	5	4	16.8	65.0	97
21	3	26	9	5	5	16.8	65.0	97
21	3	26	9	5	6	16.8	65.0	97
21	3	26	9	5	7	16.8	65.0	97
21	3	26	9	5	8	16.8	65.0	97
21	3	26	9	5	9	16.8	65.0	97
21	3	26	9	5	10	16.8	65.0	97
21	3	26	9	5	11	16.8	65.0	97
21	3	26	9	5	12	16.8	65.0	97
21	3	26	9	5	13	16.8	65.0	97
21	3	26	9	5	14	16.8	65.0	97
21	3	26	9	5	15	16.8	65.0	97
21	3	26	9	5	16	16.8	65.0	97
21	3	26	9	5	17	16.8	65.0	97
21	3	26	9	5	18	16.8	65.0	97
21	3	26	9	5	19	16.8	65.0	97
21	3	26	9	5	20	16.8	65.0	97
21	3	26	9	5	21	16.8	65.0	97
21	3	26	9	5	22	16.8	65.0	96
21	3	26	9	5	23	16.8	65.0	94
21	3	26	9	5	24	16.8	65.0	91
21	3	26	9	5	25	16.8	65.0	89
21	3	26	9	5	26	16.8	65.0	95
21	3	26	9	5	27	16.8	65.0	93
21	3	26	9	5	28	16.8	65.0	90
21	3	26	9	5	29	16.8	65.0	89
21	3	26	9	5	30	16.8	65.0	87
21	3	26	9	5	31	16.8	65.0	85
21	3	26	9	5	32	16.8	65.0	85
21	3	26	9	5	33	16.8	65.0	84
21	3	26	9	5	34	16.8	65.0	83
21	3	26	9	5	35	16.8	65.0	83
21	3	26	9	5	36	16.8	65.0	83
21	3	26	9	5	37	16.8	65.0	84
21	3	26	9	5	38	16.8	65.0	92
21	3	26	9	5	39	16.8	65.0	91
21	3	26	9	5	40	16.8	65.0	90
21	3	26	9	5	41	16.8	65.0	88
21	3	26	9	5	42	16.8	65.0	88
21	3	26	9	5	43	16.8	65.0	87
21	3	26	9	5	44	16.8	65.0	86
21	3	26	9	5	45	16.8	65.0	86
21	3	26	9	5	46	16.8	65.0	86
21	3	26	9	5	47	16.8	65.0	86
21	3	26	9	5	48	16.8	65.0	86
21	3	26	9	5	49	16.8	65.0	85
21	3	26	9	5	50	16.8	65.0	85
21	3	26	9	5	51	16.8	65.0	84
21	3	26	9	5	52	16.8	65.0	85
21	3	26	9	5	53	16.8	65.0	83
21	3	26	9	5	54	16.8	65.0	83
21	3	26	9	5	55	16.8	65.0	84
21	3	26	9	5	56	16.8	65.0	84
21	3	26	9	5	57	16.8	65.0	83
21	3	26	9	5	58	16.8	65.0	81
21	3	26	9	5	59	16.8	65.0	78
21	3	26	9	6	0	16.8	65.0	77
21	3	26	9	6	1	16.8	65.0	77
21	3	26	9	6	2	16.8	65.0	77
21	3	26	9	6	3	16.8	65.0	76
21	3	26	9	6	4	16.8	65.0	76
21	3	26	9	6	5	16.8	65.0	76
21	3	26	9	6	6	16.8	65.0	75
21	3	26	9	6	7	16.8	65.0	75
21	3	26	9	6	8	16.8	65.0	74
21	3	26	9	6	9	16.8	65.0	73
21	3	26	9	6	10	16.8	65.0	72
21	3	26	9	6	11	16.8	65.0	72
21	3	26	9	6	12	16.8	65.0	73
21	3	26	9	6	13	16.8	65.0	73
21	3	26	9	6	14	16.8	65.0	73
21	3	26	9	6	15	16.8	65.0	72
21	3	26	9	6	16	16.8	65.0	72
21	3	26	9	6	17	16.8	65.0	72
21	3	26	9	6	18	16.8	65.0	71
21	3	26	9	6	19	16.8	65.0	72
21	3	26	9	6	20	16.8	65.0	71
21	3	26	9	6	21	16.8	65.0	71
21	3	26	9	6	22	16.8	65.0	70
21	3	26	9	6	23	16.8	65.0	72
21	3	26	9	6	24	16.8	65.0	73
21	3	26	9	6	25	16.8	65.0	73
21	3	26	9	6	26	16.8	65.0	65
21	3	26	9	6	27	16.8	65.0	61
21	3	26	9	6	28	16.7	65.0	61
21	3	26	9	6	29	16.7	65.0	61
21	3	26	9	6	30	16.8	65.0	61
21	3	26	9	6	31	16.8	65.0	62
21	3	26	9	6	32	16.8	65.0	63
21	3	26	9	6	33	16.8	65.0	63
21	3	26	9	6	34	16.8	65.0	64
21	3	26	9	6	35	16.8	65.0	66
21	3	26	9	6	36	16.8	65.0	67
21	3	26	9	6	37	16.7	65.0	67
21	3	26	9	6	38	16.7	65.0	67
21	3	26	9	6	39	16.7	65.0	67
21	3	26	9	6	40	16.7	65.0	67
21	3	26	9	6	41	16.7	65.0	68
21	3	26	9	6	42	16.7	65.0	70
21	3	26	9	6	43	16.7	65.0	70
21	3	26	9	6	44	16.7	65.0	71
21	3	26	9	6	45	16.7	65.0	72
21	3	26	9	6	46	16.7	65.0	80
21	3	26	9	6	47	16.7	65.0	97
21	3	26	9	6	48	16.7	65.0	96
21	3	26	9	6	49	16.7	65.0	97
21	3	26	9	6	50	16.7	65.0	97
21	3	26	9	6	51	16.7	65.0	97
21	3	26	9	6	52	16.8	65.0	97
21	3	26	9	6	53	16.8	65.0	97
21	3	26	9	6	54	16.8	65.0	97
21	3	26	9	6	55	16.7	65.0	97
21	3	26	9	6	56	16.7	65.0	97
21	3	26	9	6	57	16.7	65.0	97
21	3	26	9	6	58	16.7	65.0	97
21	3	26	9	6	59	16.7	65.0	97
21	3	26	9	7	0	16.7	65.0	97
21	3	26	9	7	1	16.7	65.0	97
21	3	26	9	7	2	16.7	65.0	97
21	3	26	9	7	3	16.7	65.0	97
21	3	26	9	7	4	16.7	65.0	97
21	3	26	9	7	5	16.7	65.0	97
21	3	26	9	7	6	16.7	65.0	97
21	3	26	9	7	7	16.7	65.0	97
21	3	26	9	7	8	16.7	65.0	97
21	3	26	9	7	9	16.7	65.0	97
21	3	26	9	7	10	16.7	65.0	97
21	3	26	9	7	11	16.7	65.0	97
21	3	26	9	7	12	16.7	65.0	97
21	3	26	9	7	13	16.7	65.0	97
21	3	26	9	7	14	16.7	65.0	97
21	3	26	9	7	15	16.7	65.0	97
21	3	26	9	7	16	16.7	65.0	97
21	3	26	9	7	17	16.7	65.0	97
21	3	26	9	7	18	16.7	65.0	97
21	3	26	9	7	19	16.7	65.0	97
21	3	26	9	7	20	16.7	65.0	97
21	3	26	9	7	21	16.7	65.0	97
21	3	26	9	7	22	16.7	65.0	97
21	3	26	9	7	23	16.7	65.0	97
21	3	26	9	7	24	16.7	65.0	97
21	3	26	9	7	25	16.7	65.0	97
21	3	26	9	7	26	16.7	65.0	97
21	3	26	9	7	27	16.7	65.0	97
21	3	26	9	7	28	16.7	65.0	97
21	3	26	9	7	29	16.7	65.0	97
21	3	26	9	7	30	16.7	65.0	97
21	3	26	9	7	31	16.7	65.0	97
21	3	26	9	7	32	16.7	65.0	97
21	3	26	9	7	33	16.7	65.0	97
21	3	26	9	7	34	16.7	65.0	97
21	3	26	9	7	35	16.7	65.0	97
21	3	26	9	7	36	16.7	65.0	97
21	3	26	9	7	37	16.7	65.0	97
21	3	26	9	7	38	16.7	65.0	97
21	3	26	9	7	39	16.7	65.0	97
21	3	26	9	7	40	16.7	65.0	97
21	3	26	9	7	41	16.7	65.0	97
21	3	26	9	7	42	16.7	65.0	97
21	3	26	9	7	43	16.7	65.0	97
21	3	26	9	7	44	16.7	65.0	97
21	3	26	9	7	45	16.7	65.0	97
21	3	26	9	7	46	16.7	65.0	97
21	3	26	9	7	47	16.7	65.0	97
21	3	26	9	7	48	16.7	65.0	97
21	3	26	9	7	49	16.7	65.0	97
21	3	26	9	7	50	16.7	65.0	97
21	3	26	9	7	51	16.7	65.0	97
21	3	26	9	7	52	16.7	65.0	97
21	3	26	9	7	53	16.7	65.0	97
21	3	26	9	7	54	16.7	65.0	97
21	3	26	9	7	55	16.7	65.0	97
21	3	26	9	7	56	16.7	65.0	97
21	3	26	9	7	57	16.7	65.0	97
21	3	26	9	7	58	16.7	65.0	97
21	3	26	9	7	59	16.7	65.0	97
21	3	26	9	8	0	16.7	65.0	97
21	3	26	9	8	1	16.6	65.0	97
21	3	26	9	8	2	16.6	65.0	97
21	3	26	9	8	3	16.7	65.0	97
21	3	26	9	8	4	16.7	65.0	97
21	3	26	9	8	5	16.6	65.0	97
21	3	26	9	8	6	16.6	65.0	97
21	3	26	9	8	7	16.6	65.0	97
21	3	26	9	8	8	16.6	65.0	97
21	3	26	9	8	9	16.6	65.0	97
21	3	26	9	8	10	16.6	65.0	97
21	3	26	9	8	11	16.6	65.0	97
21	3	26	9	8	12	16.6	65.0	97
21	3	26	9	8	13	16.6	65.0	97
21	3	26	9	8	14	16.6	65.0	97
21	3	26	9	8	15	16.6	65.0	97
21	3	26	9	8	16	16.6	65.0	97
21	3	26	9	8	17	16.6	65.0	97
21	3	26	9	8	18	16.6	65.0	97
21	3	26	9	8	19	16.6	65.0	97
21	3	26	9	8	20	16.6	65.0	97
21	3	26	9	8	21	16.6	65.0	97
21	3	26	9	8	22	16.6	65.0	97
21	3	26	9	8	23	16.6	65.0	97
21	3	26	9	8	24	16.6	65.0	97
21	3	26	9	8	25	16.6	65.0	97
21	3	26	9	8	26	16.6	65.0	97
21	3	26	9	8	27	16.6	65.0	97
21	3	26	9	8	28	16.6	65.0	97
21	3	26	9	8	29	16.6	65.0	97
21	3	26	9	8	30	16.6	65.0	97
21	3	26	9	8	31	16.6	65.0	97
21	3	26	9	8	32	16.6	65.0	97
21	3	26	9	8	33	16.6	65.0	97
21	3	26	9	8	34	16.6	65.0	97
21	3	26	9	8	35	16.6	65.0	97
21	3	26	9	8	36	16.6	65.0	97
21	3	26	9	8	37	16.6	65.0	97
21	3	26	9	8	38	16.6	65.0	97
21	3	26	9	8	39	16.6	65.0	97
21	3	26	9	8	40	16.6	65.0	97
21	3	26	9	8	41	16.6	65.0	97
21	3	26	9	8	42	16.6	65.0	97
21	3	26	9	8	43	16.6	65.0	97
21	3	26	9	8	44	16.6	66.0	97
21	3	26	9	8	45	16.6	66.0	97
21	3	26	9	8	46	16.6	66.0	97
21	3	26	9	8	47	16.6	66.0	97
21	3	26	9	8	48	16.6	65.0	97
21	3	26	9	8	49	16.6	65.0	97
21	3	26	9	8	50	16.6	65.0	97
21	3	26	9	8	51	16.6	66.0	97
21	3	26	9	8	52	16.6	66.0	97
21	3	26	9	8	53	16.6	66.0	97
21	3	26	9	8	54	16.6	66.0	97
21	3	26	9	8	55	16.6	66.0	97
21	3	26	9	8	56	16.6	66.0	97
21	3	26	9	8	57	16.6	66.0	97
21	3	26	9	8	58	16.6	66.0	97
21	3	26	9	8	59	16.6	66.0	97
21	3	26	9	9	0	16.6	66.0	97
21	3	26	9	9	1	16.6	66.0	97
21	3	26	9	9	2	16.6	66.0	97
21	3	26	9	9	3	16.6	66.0	97
21	3	26	9	9	4	16.6	66.0	97
21	3	26	9	9	5	16.6	66.0	97
21	3	26	9	9	6	16.6	66.0	97
21	3	26	9	9	7	16.6	66.0	97
21	3	26	9	9	8	16.6	66.0	97
21	3	26	9	9	9	16.6	66.0	97
21	3	26	9	9	10	16.6	66.0	97
21	3	26	9	9	11	16.6	66.0	97
21	3	26	9	9	12	16.6	66.0	97
21	3	26	9	9	13	16.6	66.0	97
21	3	26	9	9	14	16.6	66.0	97
21	3	26	9	9	15	16.6	66.0	97
21	3	26	9	9	16	16.6	66.0	97
21	3	26	9	9	17	16.6	66.0	97
21	3	26	9	9	18	16.6	66.0	97
21	3	26	9	9	19	16.6	66.0	97
21	3	26	9	9	20	16.6	66.0	97
21	3	26	9	9	21	16.6	66.0	97
21	3	26	9	9	22	16.5	66.0	97
21	3	26	9	9	23	16.5	66.0	97
21	3	26	9	9	24	16.6	66.0	97
21	3	26	9	9	25	16.6	66.0	97
21	3	26	9	9	26	16.6	66.0	97
21	3	26	9	9	27	16.6	66.0	97
21	3	26	9	9	28	16.6	66.0	97
21	3	26	9	9	29	16.5	66.0	97
21	3	26	9	9	30	16.5	66.0	97
21	3	26	9	9	31	16.5	66.0	97
21	3	26	9	9	32	16.5	66.0	97
21	3	26	9	9	33	16.5	66.0	97
21	3	26	9	9	34	16.5	66.0	97
21	3	26	9	9	35	16.5	66.0	97
21	3	26	9	9	36	16.5	66.0	97
21	3	26	9	9	37	16.5	66.0	97
21	3	26	9	9	38	16.5	66.0	97
21	3	26	9	9	39	16.5	66.0	97
21	3	26	9	9	40	16.5	66.0	97
21	3	26	9	9	41	16.5	66.0	97
21	3	26	9	9	42	16.5	66.0	97
21	3	26	9	9	43	16.5	66.0	97
21	3	26	9	9	44	16.5	66.0	97
21	3	26	9	9	45	16.5	66.0	97
21	3	26	9	9	46	16.5	66.0	97
21	3	26	9	9	47	16.5	66.0	97
21	3	26	9	9	48	16.5	66.0	97
21	3	26	9	9	49	16.5	66.0	97
21	3	26	9	9	50	16.5	66.0	97
21	3	26	9	9	51	16.5	66.0	97
21	3	26	9	9	52	16.5	66.0	97
21	3	26	9	9	53	16.5	66.0	97
21	3	26	9	9	54	16.5	66.0	97
21	3	26	9	9	55	16.5	66.0	97
21	3	26	9	9	56	16.5	66.0	97
21	3	26	9	9	57	16.5	66.0	97
21	3	26	9	9	58	16.5	66.0	97
21	3	26	9	9	59	16.5	66.0	97
21	3	26	9	10	0	16.5	66.0	97
21	3	26	9	10	1	16.5	66.0	97
21	3	26	9	10	2	16.5	66.0	97
21	3	26	9	10	3	16.5	66.0	97
21	3	26	9	10	4	16.5	66.0	97
21	3	26	9	10	5	16.5	66.0	97
21	3	26	9	10	6	16.5	66.0	97
21	3	26	9	10	7	16.5	66.0	97
21	3	26	9	10	8	16.5	66.0	97
21	3	26	9	10	9	16.5	66.0	97
21	3	26	9	10	10	16.5	66.0	67
21	3	26	9	10	11	16.5	66.0	66
21	3	26	9	10	12	16.5	66.0	97
21	3	26	9	10	13	16.5	66.0	97
21	3	26	9	10	14	16.5	66.0	97
21	3	26	9	10	15	16.5	66.0	97
21	3	26	9	10	16	16.5	66.0	64
21	3	26	9	10	17	16.5	66.0	64
21	3	26	9	10	18	16.5	66.0	64
21	3	26	9	10	19	16.5	66.0	64
21	3	26	9	10	20	16.5	66.0	64
21	3	26	9	10	21	16.5	66.0	64
21	3	26	9	10	22	16.5	66.0	66
21	3	26	9	10	23	16.5	66.0	66
21	3	26	9	10	24	16.5	66.0	66
21	3	26	9	10	25	16.5	66.0	65
21	3	26	9	10	26	16.5	66.0	65
21	3	26	9	10	27	16.5	66.0	65
21	3	26	9	10	28	16.5	66.0	65
21	3	26	9	10	29	16.5	66.0	64
21	3	26	9	10	30	16.5	66.0	65
21	3	26	9	10	31	16.5	66.0	65
21	3	26	9	10	32	16.5	66.0	65
21	3	26	9	10	33	16.5	66.0	65
21	3	26	9	10	34	16.5	66.0	66
21	3	26	9	10	35	16.5	66.0	66
21	3	26	9	10	36	16.5	66.0	68
21	3	26	9	10	37	16.5	66.0	68
21	3	26	9	10	38	16.5	66.0	68
21	3	26	9	10	39	16.5	66.0	70
21	3	26	9	10	40	16.5	66.0	71
21	3	26	9	10	41	16.5	66.0	72
21	3	26	9	10	42	16.5	66.0	73
21	3	26	9	10	43	16.5	66.0	76
21	3	26	9	10	44	16.5	66.0	77
21	3	26	9	10	45	16.5	66.0	79
21	3	26	9	10	46	16.5	66.0	79
21	3	26	9	10	47	16.5	66.0	79
21	3	26	9	10	48	16.5	66.0	81
21	3	26	9	10	49	16.5	66.0	82
21	3	26	9	10	50	16.5	66.0	79
21	3	26	9	10	51	16.5	66.0	76
21	3	26	9	10	52	16.5	66.0	78
21	3	26	9	10	53	16.5	66.0	78
21	3	26	9	10	54	16.5	66.0	78
21	3	26	9	10	55	16.5	66.0	77
21	3	26	9	10	56	16.5	66.0	77
21	3	26	9	10	57	16.5	66.0	77
21	3	26	9	10	58	16.5	66.0	77
21	3	26	9	10	59	16.5	66.0	76
21	3	26	9	11	0	16.5	66.0	75
21	3	26	9	11	1	16.5	66.0	73
21	3	26	9	11	2	16.5	66.0	69
21	3	26	9	11	3	16.5	66.0	74
21	3	26	9	11	4	16.5	66.0	74
21	3	26	9	11	5	16.5	66.0	75
21	3	26	9	11	6	16.5	66.0	76
21	3	26	9	11	7	16.5	66.0	79
21	3	26	9	11	8	16.5	66.0	74
21	3	26	9	11	9	16.5	66.0	76
21	3	26	9	11	10	16.5	66.0	78
21	3	26	9	11	11	16.4	66.0	82
21	3	26	9	11	12	16.4	66.0	84
21	3	26	9	11	13	16.5	66.0	85
21	3	26	9	11	14	16.5	66.0	83
21	3	26	9	11	15	16.5	66.0	79
21	3	26	9	11	16	16.5	66.0	75
21	3	26	9	11	17	16.5	66.0	73
21	3	26	9	11	18	16.5	66.0	70
21	3	26	9	11	19	16.5	66.0	71
21	3	26	9	11	20	16.5	66.0	70
21	3	26	9	11	21	16.5	66.0	72
21	3	26	9	11	22	16.5	66.0	72
21	3	26	9	11	23	16.5	66.0	70
21	3	26	9	11	24	16.5	66.0	70
21	3	26	9	11	25	16.5	66.0	70
21	3	26	9	11	26	16.5	66.0	70
21	3	26	9	11	27	16.4	66.0	70
21	3	26	9	11	28	16.4	66.0	70
21	3	26	9	11	29	16.5	66.0	69
21	3	26	9	11	30	16.5	66.0	69
21	3	26	9	11	31	16.5	66.0	71
21	3	26	9	11	32	16.5	66.0	67
21	3	26	9	11	33	16.5	66.0	67
21	3	26	9	11	34	16.5	66.0	67
21	3	26	9	11	35	16.5	66.0	67
21	3	26	9	11	36	16.4	66.0	66
21	3	26	9	11	37	16.4	66.0	65
21	3	26	9	11	38	16.4	66.0	63
21	3	26	9	11	39	16.4	66.0	65
21	3	26	9	11	40	16.5	66.0	65
21	3	26	9	11	41	16.5	66.0	65
21	3	26	9	11	42	16.5	66.0	64
21	3	26	9	11	43	16.5	66.0	64
21	3	26	9	11	44	16.5	66.0	64
21	3	26	9	11	45	16.4	66.0	64
21	3	26	9	11	46	16.4	66.0	64
21	3	26	9	11	47	16.5	66.0	65
21	3	26	9	11	48	16.5	66.0	65
21	3	26	9	11	49	16.5	66.0	66
21	3	26	9	11	50	16.5	66.0	67
21	3	26	9	11	51	16.5	66.0	67
21	3	26	9	11	52	16.5	66.0	67
21	3	26	9	11	53	16.5	66.0	67
21	3	26	9	11	54	16.5	66.0	67
21	3	26	9	11	55	16.5	66.0	67
21	3	26	9	11	56	16.5	66.0	67
21	3	26	9	11	57	16.5	66.0	68
21	3	26	9	11	58	16.5	66.0	68
21	3	26	9	11	59	16.5	66.0	68
21	3	26	9	12	0	16.5	66.0	67
21	3	26	9	12	1	16.4	66.0	67
21	3	26	9	12	2	16.4	66.0	67
21	3	26	9	12	3	16.4	66.0	67
21	3	26	9	12	4	16.4	66.0	67
21	3	26	9	12	5	16.5	66.0	67
21	3	26	9	12	6	16.5	66.0	67
21	3	26	9	12	7	16.5	66.0	67
21	3	26	9	12	8	16.4	66.0	66
21	3	26	9	12	9	16.4	66.0	66
21	3	26	9	12	10	16.4	66.0	67
21	3	26	9	12	11	16.4	66.0	67
21	3	26	9	12	12	16.4	66.0	66
21	3	26	9	12	13	16.4	66.0	66
21	3	26	9	12	14	16.4	66.0	66
21	3	26	9	12	15	16.4	66.0	65
21	3	26	9	12	16	16.4	66.0	65
21	3	26	9	12	17	16.4	66.0	65
21	3	26	9	12	18	16.4	66.0	65
21	3	26	9	12	19	16.5	66.0	65
21	3	26	9	12	20	16.5	66.0	65
21	3	26	9	12	21	16.4	66.0	64
21	3	26	9	12	22	16.4	66.0	64
21	3	26	9	12	23	16.5	66.0	64
21	3	26	9	12	24	16.5	66.0	64
21	3	26	9	12	25	16.5	66.0	64
21	3	26	9	12	26	16.4	66.0	63
21	3	26	9	12	27	16.4	66.0	63
21	3	26	9	12	28	16.5	66.0	63
21	3	26	9	12	29	16.5	66.0	63
21	3	26	9	12	30	16.4	66.0	63
21	3	26	9	12	31	16.4	66.0	63
21	3	26	9	12	32	16.5	66.0	63
21	3	26	9	12	33	16.5	66.0	62
21	3	26	9	12	34	16.5	66.0	62
21	3	26	9	12	35	16.4	66.0	62
21	3	26	9	12	36	16.4	66.0	62
21	3	26	9	12	37	16.4	66.0	62
21	3	26	9	12	38	16.4	66.0	62
21	3	26	9	12	39	16.4	66.0	62
21	3	26	9	12	40	16.4	66.0	62
21	3	26	9	12	41	16.4	66.0	62
21	3	26	9	12	42	16.4	66.0	61
21	3	26	9	12	43	16.4	66.0	62
21	3	26	9	12	44	16.4	66.0	61
21	3	26	9	12	45	16.4	66.0	61
21	3	26	9	12	46	16.4	66.0	61
21	3	26	9	12	47	16.4	66.0	61
21	3	26	9	12	48	16.4	66.0	61
21	3	26	9	12	49	16.4	66.0	60
21	3	26	9	12	50	16.4	66.0	60
21	3	26	9	12	51	16.4	66.0	61
21	3	26	9	12	52	16.4	66.0	60
21	3	26	9	12	53	16.4	66.0	61
21	3	26	9	12	54	16.4	66.0	61
21	3	26	9	12	55	16.4	66.0	61
21	3	26	9	12	56	16.4	66.0	61
21	3	26	9	12	57	16.4	66.0	61
21	3	26	9	12	58	16.4	66.0	61
21	3	26	9	12	59	16.4	66.0	61
21	3	26	9	13	0	16.4	66.0	61
21	3	26	9	13	1	16.4	66.0	62
21	3	26	9	13	2	16.4	66.0	62
21	3	26	9	13	3	16.4	66.0	62
21	3	26	9	13	4	16.4	66.0	62
21	3	26	9	13	5	16.4	66.0	62
21	3	26	9	13	6	16.4	66.0	62
21	3	26	9	13	7	16.4	66.0	62
21	3	26	9	13	8	16.4	66.0	63
21	3	26	9	13	9	16.4	66.0	63
21	3	26	9	13	10	16.4	66.0	63
21	3	26	9	13	11	16.4	66.0	64
21	3	26	9	13	12	16.4	66.0	64
21	3	26	9	13	13	16.4	66.0	64
21	3	26	9	13	14	16.4	66.0	64
21	3	26	9	13	15	16.4	66.0	65
21	3	26	9	13	16	16.4	66.0	65
21	3	26	9	13	17	16.4	66.0	64
21	3	26	9	13	18	16.4	66.0	65
21	3	26	9	13	19	16.4	66.0	65
21	3	26	9	13	20	16.4	66.0	66
21	3	26	9	13	21	16.4	66.0	65
21	3	26	9	13	22	16.4	67.0	66
21	3	26	9	13	23	16.4	67.0	66
21	3	26	9	13	24	16.4	67.0	67
21	3	26	9	13	25	16.4	67.0	67
21	3	26	9	13	26	16.4	67.0	68
21	3	26	9	13	27	16.4	67.0	68
21	3	26	9	13	28	16.4	67.0	68
21	3	26	9	13	29	16.4	67.0	69
21	3	26	9	13	30	16.4	67.0	69
21	3	26	9	13	31	16.4	67.0	69
21	3	26	9	13	32	16.4	67.0	70
21	3	26	9	13	33	16.4	67.0	70
21	3	26	9	13	34	16.4	67.0	70
21	3	26	9	13	35	16.4	67.0	70
21	3	26	9	13	36	16.4	67.0	71
21	3	26	9	13	37	16.4	67.0	72
21	3	26	9	13	38	16.4	67.0	73
21	3	26	9	13	39	16.4	67.0	74
21	3	26	9	13	40	16.4	67.0	76
21	3	26	9	13	41	16.4	67.0	76
21	3	26	9	13	42	16.4	67.0	77
21	3	26	9	13	43	16.4	67.0	78
21	3	26	9	13	44	16.4	67.0	77
21	3	26	9	13	45	16.4	67.0	77
21	3	26	9	13	46	16.4	67.0	77
21	3	26	9	13	47	16.4	67.0	77
21	3	26	9	13	48	16.4	67.0	77
21	3	26	9	13	49	16.4	67.0	77
21	3	26	9	13	50	16.4	67.0	77
21	3	26	9	13	51	16.4	67.0	78
21	3	26	9	13	52	16.4	67.0	78
21	3	26	9	13	53	16.4	67.0	78
21	3	26	9	13	54	16.4	67.0	78
21	3	26	9	13	55	16.4	67.0	78
21	3	26	9	13	56	16.4	67.0	78
21	3	26	9	13	57	16.5	66.0	78
21	3	26	9	13	58	16.5	66.0	78
21	3	26	9	13	59	16.4	66.0	78
21	3	26	9	14	0	16.4	66.0	79
21	3	26	9	14	1	16.5	66.0	79
21	3	26	9	14	2	16.5	66.0	79
21	3	26	9	14	3	16.5	66.0	78
21	3	26	9	14	4	16.5	66.0	78
21	3	26	9	14	5	16.5	66.0	78
21	3	26	9	14	6	16.4	66.0	78
21	3	26	9	14	7	16.4	66.0	79
21	3	26	9	14	8	16.4	66.0	79
21	3	26	9	14	9	16.4	66.0	79
21	3	26	9	14	10	16.4	66.0	79
21	3	26	9	14	11	16.4	66.0	79
21	3	26	9	14	12	16.4	66.0	79
21	3	26	9	14	13	16.4	66.0	79
21	3	26	9	14	14	16.4	66.0	79
21	3	26	9	14	15	16.4	66.0	80
21	3	26	9	14	16	16.4	66.0	79
21	3	26	9	14	17	16.4	66.0	79
21	3	26	9	14	18	16.4	66.0	79
21	3	26	9	14	19	16.4	66.0	79
21	3	26	9	14	20	16.4	66.0	80
21	3	26	9	14	21	16.4	66.0	79
21	3	26	9	14	22	16.4	66.0	80
21	3	26	9	14	23	16.4	66.0	79
21	3	26	9	14	24	16.4	66.0	80
21	3	26	9	14	25	16.4	66.0	79
21	3	26	9	14	26	16.4	66.0	80
21	3	26	9	14	27	16.4	66.0	78
21	3	26	9	14	28	16.4	66.0	79
21	3	26	9	14	29	16.4	66.0	79
21	3	26	9	14	30	16.4	66.0	79
21	3	26	9	14	31	16.4	66.0	79
21	3	26	9	14	32	16.4	66.0	79
21	3	26	9	14	33	16.4	66.0	79
21	3	26	9	14	34	16.4	66.0	79
21	3	26	9	14	35	16.4	66.0	78
21	3	26	9	14	36	16.4	66.0	78
21	3	26	9	14	37	16.4	66.0	78
21	3	26	9	14	38	16.4	66.0	78
21	3	26	9	14	39	16.4	66.0	78
21	3	26	9	14	40	16.4	66.0	78
21	3	26	9	14	41	16.4	66.0	79
21	3	26	9	14	42	16.4	66.0	78
21	3	26	9	14	43	16.4	66.0	78
21	3	26	9	14	44	16.4	66.0	78
21	3	26	9	14	45	16.4	66.0	78
21	3	26	9	14	46	16.4	66.0	78
21	3	26	9	14	47	16.4	66.0	79
21	3	26	9	14	48	16.4	66.0	79
21	3	26	9	14	49	16.4	66.0	79
21	3	26	9	14	50	16.4	66.0	79
21	3	26	9	14	51	16.4	66.0	79
21	3	26	9	14	52	16.4	66.0	79
21	3	26	9	14	53	16.4	66.0	79
21	3	26	9	14	54	16.4	66.0	79
21	3	26	9	14	55	16.4	66.0	79
21	3	26	9	14	56	16.4	66.0	79
21	3	26	9	14	57	16.4	66.0	79
21	3	26	9	14	58	16.4	66.0	80
21	3	26	9	14	59	16.4	66.0	79
21	3	26	9	15	0	16.4	66.0	80
21	3	26	9	15	1	16.4	66.0	81
21	3	26	9	15	2	16.4	66.0	82
21	3	26	9	15	3	16.4	66.0	82
21	3	26	9	15	4	16.4	66.0	82
21	3	26	9	15	5	16.4	66.0	82
21	3	26	9	15	6	16.4	66.0	83
21	3	26	9	15	7	16.4	66.0	82
21	3	26	9	15	8	16.4	66.0	82
21	3	26	9	15	9	16.4	66.0	82
21	3	26	9	15	10	16.4	66.0	82
21	3	26	9	15	11	16.4	66.0	82
21	3	26	9	15	12	16.4	66.0	83
21	3	26	9	15	13	16.4	66.0	82
21	3	26	9	15	14	16.4	66.0	82
21	3	26	9	15	15	16.4	66.0	82
21	3	26	9	15	16	16.4	66.0	82
21	3	26	9	15	17	16.4	66.0	82
21	3	26	9	15	18	16.4	66.0	82
21	3	26	9	15	19	16.4	66.0	82
21	3	26	9	15	20	16.4	66.0	81
21	3	26	9	15	21	16.4	66.0	82
21	3	26	9	15	22	16.4	66.0	82
21	3	26	9	15	23	16.4	66.0	82
21	3	26	9	15	24	16.4	66.0	82
21	3	26	9	15	25	16.4	66.0	82
21	3	26	9	15	26	16.4	66.0	82
21	3	26	9	15	27	16.4	66.0	82
21	3	26	9	15	28	16.4	66.0	82
21	3	26	9	15	29	16.4	66.0	82
21	3	26	9	15	30	16.4	66.0	81
21	3	26	9	15	31	16.4	66.0	81
21	3	26	9	15	32	16.4	66.0	81
21	3	26	9	15	33	16.4	66.0	97
21	3	26	9	15	34	16.4	66.0	97
21	3	26	9	15	35	16.4	66.0	97
21	3	26	9	15	36	16.4	66.0	97
21	3	26	9	15	37	16.4	66.0	97
21	3	26	9	15	38	16.4	66.0	97
21	3	26	9	15	39	16.4	66.0	97
21	3	26	9	15	40	16.4	66.0	97
21	3	26	9	15	41	16.4	66.0	97
21	3	26	9	15	42	16.4	66.0	97
21	3	26	9	15	43	16.4	66.0	97
21	3	26	9	15	44	16.4	66.0	97
21	3	26	9	15	45	16.4	66.0	97
21	3	26	9	15	46	16.4	66.0	97
21	3	26	9	15	47	16.4	66.0	97
21	3	26	9	15	48	16.4	66.0	97
21	3	26	9	15	49	16.4	66.0	97
21	3	26	9	15	50	16.4	66.0	97
21	3	26	9	15	51	16.4	66.0	97
21	3	26	9	15	52	16.4	66.0	97
21	3	26	9	15	53	16.4	66.0	97
21	3	26	9	15	54	16.4	66.0	97
21	3	26	9	15	55	16.4	66.0	97
21	3	26	9	15	56	16.4	66.0	97
21	3	26	9	15	57	16.4	66.0	97
21	3	26	9	15	58	16.4	66.0	97
21	3	26	9	15	59	16.4	66.0	97
21	3	26	9	16	0	16.4	66.0	97
21	3	26	9	16	1	16.4	66.0	97
21	3	26	9	16	2	16.4	66.0	97
21	3	26	9	16	3	16.4	66.0	97
21	3	26	9	16	4	16.4	66.0	97
21	3	26	9	16	5	16.4	66.0	97
21	3	26	9	16	6	16.4	66.0	97
21	3	26	9	16	7	16.4	66.0	97
21	3	26	9	16	8	16.4	66.0	97
21	3	26	9	16	9	16.4	66.0	97
21	3	26	9	16	10	16.4	66.0	97
21	3	26	9	16	11	16.4	66.0	97
21	3	26	9	16	12	16.4	66.0	97
21	3	26	9	16	13	16.4	66.0	97
21	3	26	9	16	14	16.4	66.0	97
21	3	26	9	16	15	16.4	66.0	97
21	3	26	9	16	16	16.4	66.0	97
21	3	26	9	16	17	16.4	66.0	97
21	3	26	9	16	18	16.4	66.0	97
21	3	26	9	16	19	16.4	66.0	97
21	3	26	9	16	20	16.4	66.0	97
21	3	26	9	16	21	16.4	66.0	97
21	3	26	9	16	22	16.4	66.0	97
21	3	26	9	16	23	16.4	66.0	97
21	3	26	9	16	24	16.4	66.0	97
21	3	26	9	16	25	16.4	66.0	97
21	3	26	9	16	26	16.4	66.0	97
21	3	26	9	16	27	16.4	66.0	97
21	3	26	9	16	28	16.4	66.0	97
21	3	26	9	16	29	16.4	66.0	97
21	3	26	9	16	30	16.4	66.0	97
21	3	26	9	16	31	16.4	66.0	97
21	3	26	9	16	32	16.4	66.0	97
21	3	26	9	16	33	16.4	66.0	97
21	3	26	9	16	34	16.4	66.0	97
21	3	26	9	16	35	16.4	66.0	97
21	3	26	9	16	36	16.4	66.0	97
21	3	26	9	16	37	16.4	66.0	97
21	3	26	9	16	38	16.4	66.0	97
21	3	26	9	16	39	16.4	66.0	97
21	3	26	9	16	40	16.4	66.0	97
21	3	26	9	16	41	16.4	66.0	97
21	3	26	9	16	42	16.4	66.0	97
21	3	26	9	16	43	16.4	66.0	97
21	3	26	9	16	44	16.4	66.0	97
21	3	26	9	16	45	16.4	66.0	97
21	3	26	9	16	46	16.4	66.0	97
21	3	26	9	16	47	16.4	66.0	97
21	3	26	9	16	48	16.4	66.0	97
21	3	26	9	16	49	16.4	66.0	97
21	3	26	9	16	50	16.4	66.0	97
21	3	26	9	16	51	16.4	66.0	97
21	3	26	9	16	52	16.4	66.0	97
21	3	26	9	16	53	16.4	66.0	97
21	3	26	9	16	54	16.4	66.0	97
21	3	26	9	16	55	16.4	66.0	97
21	3	26	9	16	56	16.4	66.0	97
21	3	26	9	16	57	16.4	66.0	97
21	3	26	9	16	58	16.4	66.0	97
21	3	26	9	16	59	16.4	66.0	97
21	3	26	9	17	0	16.4	66.0	97
21	3	26	9	17	1	16.4	66.0	97
21	3	26	9	17	2	16.4	66.0	97
21	3	26	9	17	3	16.4	66.0	97
21	3	26	9	17	4	16.4	66.0	97
21	3	26	9	17	5	16.4	66.0	97
21	3	26	9	17	6	16.4	66.0	97
21	3	26	9	17	7	16.4	66.0	97
21	3	26	9	17	8	16.4	66.0	97
21	3	26	9	17	9	16.4	66.0	97
21	3	26	9	17	10	16.4	66.0	97
21	3	26	9	17	11	16.4	66.0	97
21	3	26	9	17	12	16.4	66.0	97
21	3	26	9	17	13	16.4	66.0	97
21	3	26	9	17	14	16.4	66.0	97
21	3	26	9	17	15	16.4	66.0	97
21	3	26	9	17	16	16.4	66.0	97
21	3	26	9	17	17	16.4	66.0	97
21	3	26	9	17	18	16.4	66.0	97
21	3	26	9	17	19	16.4	66.0	97
21	3	26	9	17	20	16.4	66.0	97
21	3	26	9	17	21	16.4	66.0	97
21	3	26	9	17	22	16.4	66.0	97
21	3	26	9	17	23	16.4	66.0	97
21	3	26	9	17	24	16.4	66.0	97
21	3	26	9	17	25	16.4	66.0	87
21	3	26	9	17	26	16.4	66.0	58
21	3	26	9	17	27	16.4	66.0	50
21	3	26	9	17	28	16.4	66.0	50
21	3	26	9	17	29	16.4	72.0	50
21	3	26	9	17	30	16.4	72.0	47
21	3	26	9	17	31	16.4	72.0	44
21	3	26	9	17	32	16.5	78.0	49
21	3	26	9	17	33	16.5	78.0	66
21	3	26	9	17	34	16.6	81.0	97
21	3	26	9	17	35	16.6	81.0	97
21	3	26	9	17	36	16.8	85.0	97
21	3	26	9	17	37	16.8	85.0	97
21	3	26	9	17	38	16.9	85.0	97
21	3	26	9	17	39	16.9	85.0	97
21	3	26	9	17	40	16.9	85.0	97
21	3	26	9	17	41	17.0	82.0	97
21	3	26	9	17	42	17.0	82.0	97
21	3	26	9	17	43	17.0	78.0	97
21	3	26	9	17	44	17.0	78.0	97
21	3	26	9	17	45	17.1	74.0	97
21	3	26	9	17	46	17.1	74.0	97
21	3	26	9	17	47	17.1	74.0	97
21	3	26	9	17	48	17.2	71.0	97
21	3	26	9	17	49	17.2	71.0	97
21	3	26	9	17	50	17.2	69.0	97
21	3	26	9	17	51	17.2	69.0	97
21	3	26	9	17	52	17.2	68.0	97
21	3	26	9	17	53	17.2	68.0	97
21	3	26	9	17	54	17.3	67.0	97
21	3	26	9	17	55	17.3	67.0	97
21	3	26	9	17	56	17.3	67.0	97
21	3	26	9	17	57	17.3	66.0	97
21	3	26	9	17	58	17.3	66.0	97
21	3	26	9	17	59	17.3	66.0	97
21	3	26	9	18	0	17.3	66.0	97
21	3	26	9	18	1	17.3	65.0	97
21	3	26	9	18	2	17.3	65.0	97
21	3	26	9	18	3	17.4	65.0	97
21	3	26	9	18	4	17.4	65.0	97
21	3	26	9	18	5	17.3	65.0	97
21	3	26	9	18	6	17.3	65.0	97
21	3	26	9	18	7	17.3	65.0	97
21	3	26	9	18	8	17.3	65.0	97
21	3	26	9	18	9	17.3	65.0	97
21	3	26	9	18	10	17.3	64.0	97
21	3	26	9	18	11	17.3	64.0	97
21	3	26	9	18	12	17.3	64.0	97
21	3	26	9	18	13	17.3	64.0	97
21	3	26	9	18	14	17.3	64.0	97
21	3	26	9	18	15	17.3	64.0	97
21	3	26	9	18	16	17.2	64.0	97
21	3	26	9	18	17	17.2	64.0	97
21	3	26	9	18	18	17.2	64.0	97
21	3	26	9	18	19	17.2	64.0	97
21	3	26	9	18	20	17.2	64.0	97
21	3	26	9	18	21	17.2	64.0	97
21	3	26	9	18	22	17.2	64.0	97
21	3	26	9	18	23	17.2	64.0	97
21	3	26	9	18	24	17.2	64.0	97
21	3	26	9	18	25	17.2	64.0	97
21	3	26	9	18	26	17.2	64.0	97
21	3	26	9	18	27	17.2	64.0	97
21	3	26	9	18	28	17.2	64.0	97
21	3	26	9	18	29	17.2	64.0	97
21	3	26	9	18	30	17.2	64.0	97
21	3	26	9	18	31	17.2	64.0	97
21	3	26	9	18	32	17.2	64.0	97
21	3	26	9	18	33	17.2	64.0	97
21	3	26	9	18	34	17.1	64.0	97
21	3	26	9	18	35	17.1	64.0	97
21	3	26	9	18	36	17.1	64.0	97
21	3	26	9	18	37	17.1	64.0	97
21	3	26	9	18	38	17.1	64.0	97
21	3	26	9	18	39	17.1	64.0	97
21	3	26	9	18	40	17.1	64.0	97
21	3	26	9	18	41	17.0	64.0	97
21	3	26	9	18	42	17.0	64.0	97
21	3	26	9	18	43	17.0	64.0	97
