Jour	Mois	Année	Heure	Minute	Seconde	Temp(°C) Hum(%) Lum(%)
21	3	26	8	23	16	16.0	68.0	41
21	3	26	8	23	17	16.0	68.0	47
21	3	26	8	23	18	16.0	70.0	47
21	3	26	8	23	19	16.0	70.0	44
21	3	26	8	23	20	16.0	71.0	38
21	3	26	8	23	21	16.0	71.0	22
21	3	26	8	23	22	16.0	71.0	18
21	3	26	8	23	23	16.0	71.0	16
21	3	26	8	23	24	16.0	71.0	16
21	3	26	8	23	25	16.0	71.0	16
21	3	26	8	23	26	16.0	71.0	16
21	3	26	8	23	27	16.0	71.0	19
21	3	26	8	23	28	16.0	71.0	20
21	3	26	8	23	29	16.0	70.0	20
21	3	26	8	23	30	16.0	70.0	23
21	3	26	8	23	31	16.0	70.0	20
21	3	26	8	23	32	16.1	68.0	19
21	3	26	8	23	33	16.1	68.0	19
21	3	26	8	23	34	16.1	67.0	17
21	3	26	8	23	35	16.1	67.0	17
21	3	26	8	23	36	16.1	66.0	18
21	3	26	8	23	37	16.1	66.0	19
21	3	26	8	23	38	16.1	66.0	14
21	3	26	8	23	39	16.1	66.0	42
21	3	26	8	23	40	16.1	66.0	43
21	3	26	8	23	41	16.1	65.0	41
21	3	26	8	23	42	16.1	65.0	38
21	3	26	8	23	43	16.1	65.0	15
21	3	26	8	23	44	16.1	65.0	35
21	3	26	8	23	45	16.1	65.0	21
21	3	26	8	23	46	16.1	65.0	7
21	3	26	8	23	47	16.1	65.0	8
21	3	26	8	23	48	16.1	65.0	8
21	3	26	8	23	49	16.1	65.0	7
21	3	26	8	23	50	16.1	65.0	8
21	3	26	8	23	51	16.1	65.0	7
21	3	26	8	23	52	16.1	65.0	7
21	3	26	8	23	53	16.1	65.0	7
21	3	26	8	23	54	16.1	65.0	7
21	3	26	8	23	55	16.1	65.0	8
21	3	26	8	23	56	16.1	64.0	8
21	3	26	8	23	57	16.1	64.0	7
21	3	26	8	23	58	16.1	64.0	7
21	3	26	8	23	59	16.1	64.0	7
21	3	26	8	24	0	16.1	64.0	8
21	3	26	8	24	1	16.2	63.0	8
21	3	26	8	24	2	16.2	63.0	7
21	3	26	8	24	3	16.1	63.0	7
21	3	26	8	24	4	16.1	63.0	7
21	3	26	8	24	5	16.2	63.0	7
21	3	26	8	24	6	16.2	63.0	7
21	3	26	8	24	7	16.2	63.0	8
21	3	26	8	24	8	16.2	63.0	8
21	3	26	8	24	9	16.2	63.0	8
21	3	26	8	24	10	16.2	63.0	8
21	3	26	8	24	11	16.2	63.0	8
21	3	26	8	24	12	16.2	63.0	4
21	3	26	8	24	13	16.2	63.0	4
21	3	26	8	24	14	16.2	63.0	4
21	3	26	8	24	15	16.2	63.0	3
21	3	26	8	24	16	16.2	63.0	4
21	3	26	8	24	17	16.2	62.0	4
21	3	26	8	24	18	16.2	62.0	3
21	3	26	8	24	19	16.2	62.0	4
21	3	26	8	24	20	16.2	62.0	4
21	3	26	8	24	21	16.2	62.0	4
21	3	26	8	24	22	16.2	62.0	3
21	3	26	8	24	23	16.2	62.0	4
21	3	26	8	24	24	16.2	62.0	4
21	3	26	8	24	25	16.2	62.0	7
21	3	26	8	24	26	16.2	62.0	4
21	3	26	8	24	27	16.2	62.0	3
21	3	26	8	24	28	16.2	62.0	4
21	3	26	8	24	29	16.2	62.0	4
21	3	26	8	24	30	16.2	63.0	8
21	3	26	8	24	31	16.2	63.0	5
21	3	26	8	24	32	16.2	63.0	5
21	3	26	8	24	33	16.2	63.0	5
21	3	26	8	24	34	16.2	62.0	4
21	3	26	8	24	35	16.2	62.0	4
21	3	26	8	24	36	16.2	62.0	4
21	3	26	8	24	37	16.2	62.0	4
21	3	26	8	24	38	16.2	62.0	4
21	3	26	8	24	39	16.2	62.0	4
21	3	26	8	24	40	16.2	62.0	4
21	3	26	8	24	41	16.2	62.0	4
21	3	26	8	24	42	16.2	62.0	4
21	3	26	8	24	43	16.2	62.0	4
21	3	26	8	24	44	16.2	62.0	4
21	3	26	8	24	45	16.2	62.0	4
21	3	26	8	24	46	16.2	62.0	4
21	3	26	8	24	47	16.2	62.0	4
21	3	26	8	24	48	16.3	62.0	4
21	3	26	8	24	49	16.3	62.0	8
21	3	26	8	24	50	16.2	62.0	8
21	3	26	8	24	51	16.2	62.0	4
21	3	26	8	24	52	16.3	62.0	4
21	3	26	8	24	53	16.3	62.0	4
21	3	26	8	24	54	16.3	62.0	4
21	3	26	8	24	55	16.3	62.0	4
21	3	26	8	24	56	16.3	62.0	4
21	3	26	8	24	57	16.3	62.0	4
21	3	26	8	24	58	16.3	62.0	4
21	3	26	8	24	59	16.3	62.0	4
21	3	26	8	25	0	16.3	62.0	4
21	3	26	8	25	1	16.3	62.0	4
21	3	26	8	25	2	16.3	62.0	4
21	3	26	8	25	3	16.3	62.0	4
21	3	26	8	25	4	16.3	62.0	4
21	3	26	8	25	5	16.3	62.0	4
21	3	26	8	25	6	16.3	62.0	4
21	3	26	8	25	7	16.3	62.0	4
21	3	26	8	25	8	16.3	62.0	4
21	3	26	8	25	9	16.3	62.0	4
21	3	26	8	25	10	16.3	62.0	4
21	3	26	8	25	11	16.3	62.0	4
21	3	26	8	25	12	16.3	62.0	4
21	3	26	8	25	13	16.3	62.0	4
21	3	26	8	25	14	16.3	62.0	4
21	3	26	8	25	15	16.3	62.0	4
21	3	26	8	25	16	16.3	62.0	4
21	3	26	8	25	17	16.3	62.0	4
21	3	26	8	25	18	16.3	62.0	4
21	3	26	8	25	19	16.3	62.0	4
21	3	26	8	25	20	16.3	62.0	4
21	3	26	8	25	21	16.3	61.0	4
21	3	26	8	25	22	16.3	61.0	4
21	3	26	8	25	23	16.4	61.0	4
21	3	26	8	25	24	16.4	61.0	4
21	3	26	8	25	25	16.4	61.0	4
21	3	26	8	25	26	16.4	61.0	4
21	3	26	8	25	27	16.4	61.0	4
21	3	26	8	25	28	16.4	61.0	4
21	3	26	8	25	29	16.4	61.0	4
21	3	26	8	25	30	16.4	61.0	4
21	3	26	8	25	31	16.4	61.0	4
21	3	26	8	25	32	16.4	61.0	4
21	3	26	8	25	33	16.4	61.0	10
21	3	26	8	25	34	16.4	61.0	10
21	3	26	8	25	35	16.4	61.0	11
21	3	26	8	25	36	16.4	61.0	10
21	3	26	8	25	37	16.4	61.0	10
21	3	26	8	25	38	16.4	61.0	10
21	3	26	8	25	39	16.4	62.0	10
21	3	26	8	25	40	16.4	62.0	10
21	3	26	8	25	41	16.4	62.0	10
21	3	26	8	25	42	16.4	62.0	10
21	3	26	8	25	43	16.4	62.0	10
21	3	26	8	25	44	16.4	62.0	10
21	3	26	8	25	45	16.4	62.0	10
21	3	26	8	25	46	16.4	61.0	10
21	3	26	8	25	47	16.4	61.0	10
21	3	26	8	25	48	16.4	61.0	10
21	3	26	8	25	49	16.4	61.0	10
21	3	26	8	25	50	16.4	61.0	10
21	3	26	8	25	51	16.4	61.0	10
21	3	26	8	25	52	16.4	61.0	10
21	3	26	8	25	53	16.4	61.0	10
21	3	26	8	25	54	16.4	61.0	8
21	3	26	8	25	55	16.4	61.0	8
21	3	26	8	25	56	16.4	61.0	9
21	3	26	8	25	57	16.4	61.0	9
21	3	26	8	25	58	16.4	61.0	9
21	3	26	8	25	59	16.4	61.0	9
21	3	26	8	26	0	16.4	61.0	9
21	3	26	8	26	1	16.4	61.0	9
21	3	26	8	26	2	16.4	61.0	9
21	3	26	8	26	3	16.4	61.0	8
21	3	26	8	26	4	16.4	61.0	8
21	3	26	8	26	5	16.4	61.0	10
21	3	26	8	26	6	16.4	62.0	8
21	3	26	8	26	7	16.4	62.0	10
21	3	26	8	26	8	16.4	62.0	10
21	3	26	8	26	9	16.4	62.0	10
21	3	26	8	26	10	16.4	62.0	10
21	3	26	8	26	11	16.4	62.0	9
21	3	26	8	26	12	16.4	62.0	7
21	3	26	8	26	13	16.4	62.0	8
21	3	26	8	26	14	16.4	62.0	8
21	3	26	8	26	15	16.4	62.0	8
21	3	26	8	26	16	16.4	62.0	8
21	3	26	8	26	17	16.4	62.0	9
21	3	26	8	26	18	16.4	62.0	8
21	3	26	8	26	19	16.4	62.0	9
21	3	26	8	26	20	16.4	62.0	8
21	3	26	8	26	21	16.4	62.0	8
21	3	26	8	26	22	16.4	62.0	8
21	3	26	8	26	23	16.4	62.0	8
21	3	26	8	26	24	16.4	62.0	8
21	3	26	8	26	25	16.4	62.0	8
21	3	26	8	26	26	16.4	62.0	8
21	3	26	8	26	27	16.4	62.0	8
21	3	26	8	26	28	16.4	62.0	8
21	3	26	8	26	29	16.4	62.0	8
21	3	26	8	26	30	16.4	62.0	8
21	3	26	8	26	31	16.4	62.0	8
21	3	26	8	26	32	16.4	62.0	8
21	3	26	8	26	33	16.4	62.0	8
21	3	26	8	26	34	16.4	62.0	8
21	3	26	8	26	35	16.4	62.0	8
21	3	26	8	26	36	16.4	62.0	8
21	3	26	8	26	37	16.4	62.0	9
21	3	26	8	26	38	16.4	62.0	9
21	3	26	8	26	39	16.4	62.0	9
21	3	26	8	26	40	16.4	62.0	8
21	3	26	8	26	41	16.4	62.0	7
21	3	26	8	26	42	16.4	62.0	6
21	3	26	8	26	43	16.4	62.0	6
21	3	26	8	26	44	16.4	62.0	6
21	3	26	8	26	45	16.4	62.0	6
21	3	26	8	26	46	16.4	62.0	6
21	3	26	8	26	47	16.4	62.0	6
21	3	26	8	26	48	16.4	62.0	6
21	3	26	8	26	49	16.4	62.0	5
21	3	26	8	26	50	16.4	62.0	6
21	3	26	8	26	51	16.4	62.0	6
21	3	26	8	26	52	16.4	62.0	6
21	3	26	8	26	53	16.4	62.0	8
21	3	26	8	26	54	16.4	62.0	9
21	3	26	8	26	55	16.4	62.0	8
21	3	26	8	26	56	16.4	62.0	7
21	3	26	8	26	57	16.4	62.0	9
21	3	26	8	26	58	16.4	62.0	8
21	3	26	8	26	59	16.4	62.0	7
21	3	26	8	27	0	16.4	62.0	7
21	3	26	8	27	1	16.4	62.0	7
21	3	26	8	27	2	16.4	62.0	7
21	3	26	8	27	3	16.4	62.0	9
21	3	26	8	27	4	16.4	62.0	9
21	3	26	8	27	5	16.4	62.0	9
21	3	26	8	27	6	16.4	62.0	9
21	3	26	8	27	7	16.4	62.0	9
21	3	26	8	27	8	16.4	62.0	9
21	3	26	8	27	9	16.4	62.0	9
21	3	26	8	27	10	16.4	62.0	8
21	3	26	8	27	11	16.4	62.0	8
21	3	26	8	27	12	16.4	62.0	8
21	3	26	8	27	13	16.4	62.0	8
21	3	26	8	27	14	16.4	62.0	8
21	3	26	8	27	15	16.4	62.0	9
21	3	26	8	27	16	16.4	62.0	8
21	3	26	8	27	17	16.4	62.0	9
21	3	26	8	27	18	16.4	62.0	8
21	3	26	8	27	19	16.4	62.0	9
21	3	26	8	27	20	16.4	63.0	9
21	3	26	8	27	21	16.4	63.0	8
21	3	26	8	27	22	16.4	63.0	9
21	3	26	8	27	23	16.4	63.0	9
21	3	26	8	27	24	16.4	63.0	9
21	3	26	8	27	25	16.4	63.0	9
21	3	26	8	27	26	16.4	63.0	9
21	3	26	8	27	27	16.4	63.0	8
21	3	26	8	27	28	16.4	63.0	4
21	3	26	8	27	29	16.4	63.0	4
21	3	26	8	27	30	16.4	63.0	4
21	3	26	8	27	31	16.4	63.0	4
21	3	26	8	27	32	16.4	62.0	4
21	3	26	8	27	33	16.4	62.0	4
21	3	26	8	27	34	16.4	63.0	4
21	3	26	8	27	35	16.4	63.0	4
21	3	26	8	27	36	16.4	63.0	4
21	3	26	8	27	37	16.4	63.0	3
21	3	26	8	27	38	16.4	63.0	5
21	3	26	8	27	39	16.4	63.0	6
21	3	26	8	27	40	16.4	63.0	6
21	3	26	8	27	41	16.4	63.0	4
21	3	26	8	27	42	16.4	63.0	5
21	3	26	8	27	43	16.4	63.0	5
21	3	26	8	27	44	16.4	63.0	6
21	3	26	8	27	45	16.4	63.0	5
21	3	26	8	27	46	16.4	63.0	6
21	3	26	8	27	47	16.4	63.0	6
21	3	26	8	27	48	16.4	63.0	6
21	3	26	8	27	49	16.4	63.0	5
21	3	26	8	27	50	16.4	63.0	10
21	3	26	8	27	51	16.4	63.0	10
21	3	26	8	27	52	16.4	63.0	10
21	3	26	8	27	53	16.4	63.0	10
21	3	26	8	27	54	16.4	63.0	9
21	3	26	8	27	55	16.4	63.0	9
21	3	26	8	27	56	16.4	63.0	9
21	3	26	8	27	57	16.4	63.0	9
21	3	26	8	27	58	16.4	63.0	8
21	3	26	8	27	59	16.4	63.0	8
21	3	26	8	28	0	16.4	63.0	8
21	3	26	8	28	1	16.4	64.0	8
21	3	26	8	28	2	16.4	64.0	8
21	3	26	8	28	3	16.4	64.0	8
21	3	26	8	28	4	16.4	64.0	8
21	3	26	8	28	5	16.4	63.0	8
21	3	26	8	28	6	16.4	63.0	9
21	3	26	8	28	7	16.4	63.0	9
21	3	26	8	28	8	16.4	63.0	9
21	3	26	8	28	9	16.4	63.0	9
21	3	26	8	28	10	16.4	63.0	9
21	3	26	8	28	11	16.4	63.0	9
21	3	26	8	28	12	16.4	63.0	9
21	3	26	8	28	13	16.4	63.0	7
21	3	26	8	28	14	16.4	63.0	9
21	3	26	8	28	15	16.4	63.0	10
21	3	26	8	28	16	16.4	63.0	10
21	3	26	8	28	17	16.4	63.0	10
21	3	26	8	28	18	16.4	63.0	10
21	3	26	8	28	19	16.4	63.0	10
21	3	26	8	28	20	16.4	63.0	10
21	3	26	8	28	21	16.4	63.0	10
21	3	26	8	28	22	16.4	63.0	10
21	3	26	8	28	23	16.4	63.0	10
21	3	26	8	28	24	16.4	63.0	10
21	3	26	8	28	25	16.4	63.0	10
21	3	26	8	28	26	16.4	63.0	5
21	3	26	8	28	27	16.4	63.0	5
21	3	26	8	28	28	16.4	63.0	5
21	3	26	8	28	29	16.4	63.0	5
21	3	26	8	28	30	16.4	63.0	4
21	3	26	8	28	31	16.4	63.0	5
21	3	26	8	28	32	16.4	63.0	5
21	3	26	8	28	33	16.4	63.0	5
21	3	26	8	28	34	16.4	63.0	5
21	3	26	8	28	35	16.4	63.0	5
21	3	26	8	28	36	16.4	63.0	5
21	3	26	8	28	37	16.4	63.0	5
21	3	26	8	28	38	16.4	63.0	5
21	3	26	8	28	39	16.4	63.0	9
21	3	26	8	28	40	16.4	63.0	10
21	3	26	8	28	41	16.4	63.0	11
21	3	26	8	28	42	16.4	63.0	11
21	3	26	8	28	43	16.4	63.0	10
21	3	26	8	28	44	16.4	63.0	11
21	3	26	8	28	45	16.4	63.0	10
21	3	26	8	28	46	16.4	63.0	11
21	3	26	8	28	47	16.4	63.0	11
21	3	26	8	28	48	16.4	63.0	11
21	3	26	8	28	49	16.4	63.0	10
21	3	26	8	28	50	16.4	63.0	10
21	3	26	8	28	51	16.4	63.0	10
21	3	26	8	28	52	16.4	63.0	10
21	3	26	8	28	53	16.4	63.0	10
21	3	26	8	28	54	16.4	63.0	11
21	3	26	8	28	55	16.4	63.0	10
21	3	26	8	28	56	16.4	63.0	10
21	3	26	8	28	57	16.4	63.0	10
21	3	26	8	28	58	16.4	63.0	10
21	3	26	8	28	59	16.4	63.0	10
21	3	26	8	29	0	16.4	63.0	10
21	3	26	8	29	1	16.4	63.0	10
21	3	26	8	29	2	16.4	63.0	11
21	3	26	8	29	3	16.4	63.0	11
21	3	26	8	29	4	16.4	63.0	10
21	3	26	8	29	5	16.4	63.0	10
21	3	26	8	29	6	16.4	63.0	10
21	3	26	8	29	7	16.4	63.0	11
21	3	26	8	29	8	16.4	63.0	11
21	3	26	8	29	9	16.4	63.0	11
21	3	26	8	29	10	16.4	63.0	10
21	3	26	8	29	11	16.4	63.0	10
21	3	26	8	29	12	16.4	63.0	10
21	3	26	8	29	13	16.4	63.0	10
21	3	26	8	29	14	16.4	63.0	10
21	3	26	8	29	15	16.4	63.0	10
21	3	26	8	29	16	16.4	63.0	10
21	3	26	8	29	17	16.4	63.0	10
21	3	26	8	29	18	16.4	63.0	10
21	3	26	8	29	19	16.4	63.0	10
21	3	26	8	29	20	16.4	63.0	10
21	3	26	8	29	21	16.4	63.0	10
21	3	26	8	29	22	16.4	63.0	10
21	3	26	8	29	23	16.4	63.0	9
21	3	26	8	29	24	16.4	63.0	11
21	3	26	8	29	25	16.4	63.0	12
21	3	26	8	29	26	16.4	63.0	11
21	3	26	8	29	27	16.4	63.0	12
21	3	26	8	29	28	16.4	63.0	13
21	3	26	8	29	29	16.4	63.0	11
21	3	26	8	29	30	16.4	63.0	11
21	3	26	8	29	31	16.4	63.0	10
21	3	26	8	29	32	16.4	63.0	10
21	3	26	8	29	33	16.4	63.0	10
21	3	26	8	29	34	16.4	63.0	10
21	3	26	8	29	35	16.4	63.0	10
21	3	26	8	29	36	16.4	63.0	10
21	3	26	8	29	37	16.4	63.0	9
21	3	26	8	29	38	16.4	63.0	9
21	3	26	8	29	39	16.4	63.0	9
21	3	26	8	29	40	16.4	63.0	9
21	3	26	8	29	41	16.4	63.0	9
21	3	26	8	29	42	16.4	63.0	9
21	3	26	8	29	43	16.4	63.0	9
21	3	26	8	29	44	16.4	63.0	10
21	3	26	8	29	45	16.4	63.0	10
21	3	26	8	29	46	16.4	63.0	10
21	3	26	8	29	47	16.4	63.0	10
21	3	26	8	29	48	16.4	63.0	10
21	3	26	8	29	49	16.4	63.0	11
21	3	26	8	29	50	16.4	63.0	11
21	3	26	8	29	51	16.4	63.0	11
21	3	26	8	29	52	16.4	63.0	10
21	3	26	8	29	53	16.4	63.0	10
21	3	26	8	29	54	16.4	63.0	10
21	3	26	8	29	55	16.4	63.0	10
21	3	26	8	29	56	16.4	63.0	10
21	3	26	8	29	57	16.4	63.0	10
21	3	26	8	29	58	16.4	63.0	10
21	3	26	8	29	59	16.4	63.0	10
21	3	26	8	30	0	16.4	63.0	11
21	3	26	8	30	1	16.4	63.0	11
21	3	26	8	30	2	16.4	63.0	9
21	3	26	8	30	3	16.4	63.0	9
21	3	26	8	30	4	16.4	63.0	9
21	3	26	8	30	5	16.4	63.0	9
21	3	26	8	30	6	16.4	63.0	9
21	3	26	8	30	7	16.4	63.0	8
21	3	26	8	30	8	16.4	63.0	9
21	3	26	8	30	9	16.4	63.0	9
21	3	26	8	30	10	16.4	63.0	8
21	3	26	8	30	11	16.4	63.0	9
21	3	26	8	30	12	16.4	63.0	10
21	3	26	8	30	13	16.4	63.0	11
21	3	26	8	30	14	16.4	63.0	10
21	3	26	8	30	15	16.4	63.0	10
21	3	26	8	30	16	16.4	63.0	10
21	3	26	8	30	17	16.4	63.0	10
21	3	26	8	30	18	16.4	63.0	10
21	3	26	8	30	19	16.4	63.0	10
21	3	26	8	30	20	16.4	63.0	10
21	3	26	8	30	21	16.4	63.0	43
21	3	26	8	30	22	16.4	63.0	45
21	3	26	8	30	23	16.4	63.0	45
21	3	26	8	30	24	16.4	63.0	64
21	3	26	8	30	25	16.4	64.0	67
21	3	26	8	30	26	16.4	64.0	65
21	3	26	8	30	27	16.4	64.0	64
21	3	26	8	30	28	16.4	64.0	73
21	3	26	8	30	29	16.4	65.0	60
21	3	26	8	30	30	16.4	65.0	38
21	3	26	8	30	31	16.4	65.0	33
21	3	26	8	30	32	16.4	66.0	29
21	3	26	8	30	33	16.4	66.0	29
21	3	26	8	30	34	16.4	66.0	29
21	3	26	8	30	35	16.4	66.0	75
21	3	26	8	30	36	16.4	66.0	65
21	3	26	8	30	37	16.4	66.0	50
21	3	26	8	30	38	16.5	66.0	45
21	3	26	8	30	39	16.5	66.0	40
21	3	26	8	30	40	16.5	66.0	42
21	3	26	8	30	41	16.5	65.0	43
21	3	26	8	30	42	16.5	65.0	31
21	3	26	8	30	43	16.5	65.0	63
21	3	26	8	30	44	16.5	65.0	58
21	3	26	8	30	45	16.5	66.0	59
21	3	26	8	30	46	16.5	66.0	43
21	3	26	8	30	47	16.5	66.0	43
21	3	26	8	30	48	16.5	66.0	42
21	3	26	8	30	49	16.5	66.0	42
21	3	26	8	30	50	16.5	66.0	49
21	3	26	8	30	51	16.5	66.0	55
21	3	26	8	30	52	16.5	66.0	52
21	3	26	8	30	53	16.5	66.0	70
21	3	26	8	30	54	16.5	66.0	73
21	3	26	8	30	55	16.5	66.0	97
21	3	26	8	30	56	16.5	66.0	97
21	3	26	8	30	57	16.5	66.0	97
21	3	26	8	30	58	16.5	66.0	97
21	3	26	8	30	59	16.5	67.0	97
21	3	26	8	31	0	16.5	67.0	62
21	3	26	8	31	1	16.5	66.0	79
21	3	26	8	31	2	16.5	66.0	85
21	3	26	8	31	3	16.5	66.0	83
21	3	26	8	31	4	16.5	66.0	68
21	3	26	8	31	5	16.5	66.0	63
21	3	26	8	31	6	16.5	66.0	70
21	3	26	8	31	7	16.5	66.0	76
21	3	26	8	31	8	16.5	66.0	77
21	3	26	8	31	9	16.5	66.0	65
21	3	26	8	31	10	16.5	66.0	73
21	3	26	8	31	11	16.5	66.0	79
21	3	26	8	31	12	16.5	65.0	82
21	3	26	8	31	13	16.5	65.0	85
21	3	26	8	31	14	16.5	65.0	94
21	3	26	8	31	15	16.5	65.0	97
21	3	26	8	31	16	16.5	65.0	97
21	3	26	8	31	17	16.5	65.0	67
21	3	26	8	31	18	16.5	65.0	67
21	3	26	8	31	19	16.5	65.0	65
21	3	26	8	31	20	16.5	65.0	67
21	3	26	8	31	21	16.5	65.0	81
21	3	26	8	31	22	16.5	65.0	80
21	3	26	8	31	23	16.6	65.0	78
21	3	26	8	31	24	16.6	65.0	97
21	3	26	8	31	25	16.6	65.0	95
21	3	26	8	31	26	16.6	66.0	93
21	3	26	8	31	27	16.6	66.0	70
21	3	26	8	31	28	16.5	65.0	80
21	3	26	8	31	29	16.5	65.0	68
21	3	26	8	31	30	16.6	65.0	80
21	3	26	8	31	31	16.6	65.0	89
21	3	26	8	31	32	16.6	65.0	91
21	3	26	8	31	33	16.6	65.0	91
21	3	26	8	31	34	16.6	65.0	82
21	3	26	8	31	35	16.6	65.0	81
21	3	26	8	31	36	16.6	65.0	85
21	3	26	8	31	37	16.6	65.0	65
21	3	26	8	31	38	16.6	65.0	65
21	3	26	8	31	39	16.6	65.0	73
21	3	26	8	31	40	16.6	65.0	95
21	3	26	8	31	41	16.6	65.0	86
21	3	26	8	31	42	16.6	65.0	97
21	3	26	8	31	43	16.6	65.0	97
21	3	26	8	31	44	16.5	65.0	91
21	3	26	8	31	45	16.5	65.0	90
21	3	26	8	31	46	16.6	66.0	93
21	3	26	8	31	47	16.6	66.0	92
21	3	26	8	31	48	16.6	66.0	89
21	3	26	8	31	49	16.6	66.0	71
21	3	26	8	31	50	16.6	66.0	75
21	3	26	8	31	51	16.6	66.0	74
21	3	26	8	31	52	16.6	66.0	75
21	3	26	8	31	53	16.6	65.0	77
21	3	26	8	31	54	16.6	65.0	64
21	3	26	8	31	55	16.6	65.0	88
21	3	26	8	31	56	16.6	65.0	93
21	3	26	8	31	57	16.6	65.0	81
21	3	26	8	31	58	16.6	65.0	84
21	3	26	8	31	59	16.6	65.0	70
21	3	26	8	32	0	16.6	65.0	97
21	3	26	8	32	1	16.6	65.0	97
21	3	26	8	32	2	16.6	65.0	97
21	3	26	8	32	3	16.6	65.0	91
21	3	26	8	32	4	16.6	66.0	78
21	3	26	8	32	5	16.6	66.0	69
21	3	26	8	32	6	16.6	67.0	57
21	3	26	8	32	7	16.6	67.0	54
21	3	26	8	32	8	16.6	67.0	64
21	3	26	8	32	9	16.6	67.0	68
21	3	26	8	32	10	16.6	67.0	82
21	3	26	8	32	11	16.6	66.0	97
21	3	26	8	32	12	16.6	66.0	95
21	3	26	8	32	13	16.6	66.0	76
21	3	26	8	32	14	16.6	66.0	75
21	3	26	8	32	15	16.6	66.0	75
21	3	26	8	32	16	16.6	66.0	76
21	3	26	8	32	17	16.6	65.0	76
21	3	26	8	32	18	16.6	65.0	77
21	3	26	8	32	19	16.6	65.0	77
21	3	26	8	32	20	16.6	65.0	79
21	3	26	8	32	21	16.6	65.0	86
21	3	26	8	32	22	16.6	68.0	86
21	3	26	8	32	23	16.6	68.0	86
21	3	26	8	32	24	16.6	68.0	85
21	3	26	8	32	25	16.6	68.0	81
21	3	26	8	32	26	16.6	69.0	81
21	3	26	8	32	27	16.6	69.0	81
21	3	26	8	32	28	16.6	69.0	81
21	3	26	8	32	29	16.7	73.0	81
21	3	26	8	32	30	16.7	73.0	81
21	3	26	8	32	31	16.7	73.0	81
21	3	26	8	32	32	16.7	73.0	81
21	3	26	8	32	33	16.7	72.0	80
21	3	26	8	32	34	16.7	72.0	79
21	3	26	8	32	35	16.7	71.0	80
21	3	26	8	32	36	16.7	71.0	81
21	3	26	8	32	37	16.7	71.0	80
21	3	26	8	32	38	16.7	70.0	80
21	3	26	8	32	39	16.7	70.0	80
21	3	26	8	32	40	16.7	70.0	82
21	3	26	8	32	41	16.7	70.0	83
21	3	26	8	32	42	16.7	69.0	83
21	3	26	8	32	43	16.7	69.0	83
21	3	26	8	32	44	16.7	68.0	83
21	3	26	8	32	45	16.7	68.0	82
21	3	26	8	32	46	16.7	68.0	82
21	3	26	8	32	47	16.7	68.0	81
21	3	26	8	32	48	16.7	68.0	81
21	3	26	8	32	49	16.7	67.0	81
21	3	26	8	32	50	16.7	67.0	80
21	3	26	8	32	51	16.8	67.0	79
21	3	26	8	32	52	16.8	67.0	80
21	3	26	8	32	53	16.7	67.0	80
21	3	26	8	32	54	16.7	67.0	80
21	3	26	8	32	55	16.7	67.0	80
21	3	26	8	32	56	16.7	67.0	85
21	3	26	8	32	57	16.7	67.0	86
21	3	26	8	32	58	16.8	67.0	91
21	3	26	8	32	59	16.8	67.0	95
21	3	26	8	33	0	16.8	68.0	94
21	3	26	8	33	1	16.8	68.0	94
21	3	26	8	33	2	16.8	68.0	94
21	3	26	8	33	3	16.8	68.0	94
21	3	26	8	33	4	16.8	67.0	95
21	3	26	8	33	5	16.8	67.0	95
21	3	26	8	33	6	16.8	67.0	95
21	3	26	8	33	7	16.8	67.0	94
21	3	26	8	33	8	16.8	67.0	96
21	3	26	8	33	9	16.8	67.0	96
21	3	26	8	33	10	16.8	67.0	96
21	3	26	8	33	11	16.8	71.0	97
21	3	26	8	33	12	16.8	71.0	97
21	3	26	8	33	13	16.8	74.0	97
21	3	26	8	33	14	16.8	74.0	97
21	3	26	8	33	15	16.8	74.0	97
21	3	26	8	33	16	16.8	77.0	97
21	3	26	8	33	17	16.8	77.0	97
21	3	26	8	33	18	16.8	77.0	97
21	3	26	8	33	19	16.8	77.0	97
21	3	26	8	33	20	16.9	77.0	97
21	3	26	8	33	21	16.9	77.0	97
21	3	26	8	33	22	16.9	77.0	97
21	3	26	8	33	23	16.9	77.0	97
21	3	26	8	33	24	16.9	77.0	97
21	3	26	8	33	25	16.9	77.0	97
21	3	26	8	33	26	16.9	77.0	97
21	3	26	8	33	27	16.9	75.0	97
21	3	26	8	33	28	16.9	75.0	97
21	3	26	8	33	29	16.9	76.0	97
21	3	26	8	33	30	16.9	76.0	97
21	3	26	8	33	31	16.9	76.0	97
21	3	26	8	33	32	16.9	76.0	97
21	3	26	8	33	33	16.9	76.0	97
21	3	26	8	33	34	16.9	76.0	97
21	3	26	8	33	35	16.9	76.0	97
21	3	26	8	33	36	16.9	75.0	97
21	3	26	8	33	37	16.9	75.0	97
21	3	26	8	33	38	16.9	73.0	97
21	3	26	8	33	39	16.9	73.0	97
21	3	26	8	33	40	16.9	72.0	97
21	3	26	8	33	41	16.9	72.0	97
21	3	26	8	33	42	17.0	71.0	97
21	3	26	8	33	43	17.0	71.0	97
21	3	26	8	33	44	17.0	71.0	97
21	3	26	8	33	45	17.0	71.0	97
21	3	26	8	33	46	17.0	71.0	96
21	3	26	8	33	47	17.0	70.0	95
21	3	26	8	33	48	17.0	70.0	94
21	3	26	8	33	49	17.0	70.0	92
21	3	26	8	33	50	17.0	70.0	90
21	3	26	8	33	51	17.0	70.0	88
21	3	26	8	33	52	17.0	70.0	88
21	3	26	8	33	53	17.0	70.0	86
21	3	26	8	33	54	17.0	70.0	84
21	3	26	8	33	55	17.0	70.0	82
21	3	26	8	33	56	17.0	69.0	81
21	3	26	8	33	57	17.0	69.0	81
21	3	26	8	33	58	17.0	70.0	81
21	3	26	8	33	59	17.0	70.0	81
21	3	26	8	34	0	17.0	71.0	82
21	3	26	8	34	1	17.0	71.0	83
21	3	26	8	34	2	17.0	71.0	83
21	3	26	8	34	3	17.0	71.0	83
21	3	26	8	34	4	17.0	71.0	84
21	3	26	8	34	5	17.0	72.0	85
21	3	26	8	34	6	17.0	72.0	86
21	3	26	8	34	7	17.0	72.0	87
21	3	26	8	34	8	17.0	72.0	89
21	3	26	8	34	9	17.0	72.0	92
21	3	26	8	34	10	17.0	72.0	94
21	3	26	8	34	11	17.0	72.0	94
21	3	26	8	34	12	17.0	71.0	93
21	3	26	8	34	13	17.0	71.0	93
21	3	26	8	34	14	17.0	70.0	92
21	3	26	8	34	15	17.0	70.0	92
21	3	26	8	34	16	17.0	69.0	89
21	3	26	8	34	17	17.0	69.0	88
21	3	26	8	34	18	17.0	69.0	88
21	3	26	8	34	19	17.0	69.0	87
21	3	26	8	34	20	17.0	69.0	87
21	3	26	8	34	21	17.0	71.0	87
21	3	26	8	34	22	17.0	71.0	87
21	3	26	8	34	23	17.0	72.0	88
21	3	26	8	34	24	17.0	72.0	88
21	3	26	8	34	25	17.0	71.0	89
21	3	26	8	34	26	17.0	71.0	89
21	3	26	8	34	27	17.0	71.0	89
21	3	26	8	34	28	17.0	71.0	89
21	3	26	8	34	29	17.0	71.0	90
21	3	26	8	34	30	17.0	71.0	90
21	3	26	8	34	31	17.0	71.0	90
21	3	26	8	34	32	17.0	70.0	90
21	3	26	8	34	33	17.0	70.0	90
21	3	26	8	34	34	17.0	69.0	90
21	3	26	8	34	35	17.0	69.0	90
21	3	26	8	34	36	17.0	69.0	89
21	3	26	8	34	37	17.0	69.0	87
21	3	26	8	34	38	17.0	69.0	85
21	3	26	8	34	39	17.0	69.0	84
21	3	26	8	34	40	17.0	69.0	83
21	3	26	8	34	41	17.0	69.0	83
21	3	26	8	34	42	17.0	69.0	84
21	3	26	8	34	43	17.0	69.0	84
21	3	26	8	34	44	17.0	69.0	84
21	3	26	8	34	45	17.0	69.0	85
21	3	26	8	34	46	17.1	69.0	86
21	3	26	8	34	47	17.1	69.0	85
21	3	26	8	34	48	17.1	71.0	85
21	3	26	8	34	49	17.1	71.0	85
21	3	26	8	34	50	17.1	72.0	86
21	3	26	8	34	51	17.1	72.0	85
21	3	26	8	34	52	17.1	72.0	84
21	3	26	8	34	53	17.1	72.0	84
21	3	26	8	34	54	17.1	72.0	83
21	3	26	8	34	55	17.1	72.0	84
21	3	26	8	34	56	17.1	72.0	84
21	3	26	8	34	57	17.2	71.0	85
21	3	26	8	34	58	17.2	71.0	87
21	3	26	8	34	59	17.2	70.0	87
21	3	26	8	35	0	17.2	70.0	88
21	3	26	8	35	1	17.1	69.0	90
21	3	26	8	35	2	17.1	69.0	91
21	3	26	8	35	3	17.1	69.0	92
21	3	26	8	35	4	17.2	70.0	90
21	3	26	8	35	5	17.2	70.0	90
21	3	26	8	35	6	17.2	70.0	90
21	3	26	8	35	7	17.2	70.0	90
21	3	26	8	35	8	17.2	70.0	89
21	3	26	8	35	9	17.2	70.0	88
21	3	26	8	35	10	17.2	70.0	87
21	3	26	8	35	11	17.2	70.0	86
21	3	26	8	35	12	17.2	70.0	85
21	3	26	8	35	13	17.2	70.0	84
21	3	26	8	35	14	17.2	70.0	83
21	3	26	8	35	15	17.2	69.0	83
21	3	26	8	35	16	17.2	69.0	81
21	3	26	8	35	17	17.2	68.0	79
21	3	26	8	35	18	17.2	68.0	77
21	3	26	8	35	19	17.2	68.0	76
21	3	26	8	35	20	17.2	68.0	77
21	3	26	8	35	21	17.2	68.0	77
21	3	26	8	35	22	17.2	67.0	78
21	3	26	8	35	23	17.2	67.0	85
21	3	26	8	35	24	17.2	67.0	97
21	3	26	8	35	25	17.2	67.0	92
21	3	26	8	35	26	17.2	68.0	84
21	3	26	8	35	27	17.2	68.0	93
21	3	26	8	35	28	17.2	68.0	97
21	3	26	8	35	29	17.2	68.0	97
21	3	26	8	35	30	17.2	68.0	97
21	3	26	8	35	31	17.2	71.0	97
21	3	26	8	35	32	17.2	71.0	97
21	3	26	8	35	33	17.2	72.0	97
21	3	26	8	35	34	17.2	72.0	97
21	3	26	8	35	35	17.2	73.0	97
21	3	26	8	35	36	17.2	73.0	97
21	3	26	8	35	37	17.2	73.0	97
21	3	26	8	35	38	17.2	73.0	97
21	3	26	8	35	39	17.2	73.0	97
21	3	26	8	35	40	17.2	71.0	97
21	3	26	8	35	41	17.2	71.0	97
21	3	26	8	35	42	17.2	71.0	97
21	3	26	8	35	43	17.2	71.0	85
21	3	26	8	35	44	17.2	71.0	87
21	3	26	8	35	45	17.2	71.0	86
21	3	26	8	35	46	17.2	71.0	87
21	3	26	8	35	47	17.2	72.0	91
21	3	26	8	35	48	17.2	72.0	93
21	3	26	8	35	49	17.2	74.0	93
21	3	26	8	35	50	17.2	74.0	93
21	3	26	8	35	51	17.2	74.0	94
21	3	26	8	35	52	17.2	74.0	93
21	3	26	8	35	53	17.2	73.0	92
21	3	26	8	35	54	17.2	73.0	92
21	3	26	8	35	55	17.2	73.0	93
21	3	26	8	35	56	17.2	71.0	94
21	3	26	8	35	57	17.2	71.0	83
21	3	26	8	35	58	17.2	71.0	85
21	3	26	8	35	59	17.2	71.0	85
21	3	26	8	36	0	17.2	71.0	86
21	3	26	8	36	1	17.2	71.0	86
21	3	26	8	36	2	17.2	71.0	87
21	3	26	8	36	3	17.2	71.0	87
21	3	26	8	36	4	17.2	71.0	88
21	3	26	8	36	5	17.2	70.0	88
21	3	26	8	36	6	17.2	70.0	89
21	3	26	8	36	7	17.2	69.0	89
21	3	26	8	36	8	17.2	69.0	89
21	3	26	8	36	9	17.2	68.0	90
21	3	26	8	36	10	17.2	68.0	91
21	3	26	8	36	11	17.2	67.0	93
21	3	26	8	36	12	17.2	67.0	97
21	3	26	8	36	13	17.2	67.0	88
21	3	26	8	36	14	17.2	67.0	84
21	3	26	8	36	15	17.2	67.0	91
21	3	26	8	36	16	17.2	66.0	97
21	3	26	8	36	17	17.2	66.0	97
21	3	26	8	36	18	17.2	67.0	97
21	3	26	8	36	19	17.2	67.0	97
21	3	26	8	36	20	17.2	68.0	97
21	3	26	8	36	21	17.2	68.0	87
21	3	26	8	36	22	17.2	68.0	67
21	3	26	8	36	23	17.2	70.0	68
21	3	26	8	36	24	17.2	70.0	68
21	3	26	8	36	25	17.2	69.0	64
21	3	26	8	36	26	17.2	69.0	68
21	3	26	8	36	27	17.2	70.0	75
21	3	26	8	36	28	17.2	70.0	62
21	3	26	8	36	29	17.2	69.0	67
21	3	26	8	36	30	17.2	69.0	67
21	3	26	8	36	31	17.2	69.0	63
21	3	26	8	36	32	17.2	68.0	62
21	3	26	8	36	33	17.2	68.0	63
21	3	26	8	36	34	17.2	67.0	64
21	3	26	8	36	35	17.2	67.0	64
21	3	26	8	36	36	17.2	67.0	63
21	3	26	8	36	37	17.2	67.0	63
21	3	26	8	36	38	17.2	67.0	63
21	3	26	8	36	39	17.2	67.0	63
21	3	26	8	36	40	17.2	67.0	63
21	3	26	8	36	41	17.2	66.0	64
21	3	26	8	36	42	17.2	66.0	64
21	3	26	8	36	43	17.2	66.0	64
21	3	26	8	36	44	17.2	66.0	64
21	3	26	8	36	45	17.2	66.0	64
21	3	26	8	36	46	17.2	66.0	70
21	3	26	8	36	47	17.2	66.0	79
21	3	26	8	36	48	17.2	65.0	71
21	3	26	8	36	49	17.2	65.0	70
21	3	26	8	36	50	17.2	65.0	71
21	3	26	8	36	51	17.2	65.0	71
21	3	26	8	36	52	17.2	67.0	71
21	3	26	8	36	53	17.2	67.0	72
21	3	26	8	36	54	17.2	69.0	71
21	3	26	8	36	55	17.2	69.0	71
21	3	26	8	36	56	17.2	69.0	72
21	3	26	8	36	57	17.2	69.0	81
21	3	26	8	36	58	17.2	69.0	87
21	3	26	8	36	59	17.2	68.0	73
21	3	26	8	37	0	17.2	68.0	71
21	3	26	8	37	1	17.2	67.0	70
21	3	26	8	37	2	17.2	67.0	69
21	3	26	8	37	3	17.2	67.0	70
21	3	26	8	37	4	17.2	67.0	70
21	3	26	8	37	5	17.2	67.0	69
21	3	26	8	37	6	17.2	66.0	68
21	3	26	8	37	7	17.2	66.0	67
21	3	26	8	37	8	17.2	66.0	67
21	3	26	8	37	9	17.2	66.0	66
21	3	26	8	37	10	17.2	67.0	65
21	3	26	8	37	11	17.2	67.0	62
21	3	26	8	37	12	17.2	67.0	81
21	3	26	8	37	13	17.2	67.0	87
21	3	26	8	37	14	17.2	67.0	84
21	3	26	8	37	15	17.2	66.0	81
21	3	26	8	37	16	17.2	66.0	76
21	3	26	8	37	17	17.2	66.0	64
21	3	26	8	37	18	17.2	66.0	62
21	3	26	8	37	19	17.2	66.0	65
21	3	26	8	37	20	17.2	67.0	66
21	3	26	8	37	21	17.2	67.0	65
21	3	26	8	37	22	17.2	67.0	65
21	3	26	8	37	23	17.2	67.0	66
21	3	26	8	37	24	17.2	68.0	66
21	3	26	8	37	25	17.2	68.0	66
21	3	26	8	37	26	17.2	67.0	69
21	3	26	8	37	27	17.2	67.0	91
21	3	26	8	37	28	17.2	66.0	98
21	3	26	8	37	29	17.2	66.0	89
21	3	26	8	37	30	17.2	66.0	78
21	3	26	8	37	31	17.2	66.0	83
21	3	26	8	37	32	17.2	66.0	91
21	3	26	8	37	33	17.2	65.0	69
21	3	26	8	37	34	17.2	65.0	74
21	3	26	8	37	35	17.2	65.0	97
21	3	26	8	37	36	17.2	65.0	97
21	3	26	8	37	37	17.2	65.0	97
21	3	26	8	37	38	17.2	65.0	67
21	3	26	8	37	39	17.2	67.0	70
21	3	26	8	37	40	17.2	67.0	72
21	3	26	8	37	41	17.2	67.0	72
21	3	26	8	37	42	17.2	67.0	90
21	3	26	8	37	43	17.2	67.0	97
21	3	26	8	37	44	17.2	67.0	97
21	3	26	8	37	45	17.2	67.0	93
21	3	26	8	37	46	17.2	68.0	97
21	3	26	8	37	47	17.2	68.0	97
21	3	26	8	37	48	17.2	69.0	96
21	3	26	8	37	49	17.2	69.0	27
21	3	26	8	37	50	17.2	69.0	27
21	3	26	8	37	51	17.2	69.0	97
21	3	26	8	37	52	17.2	69.0	95
21	3	26	8	37	53	17.2	68.0	27
21	3	26	8	37	54	17.2	68.0	51
21	3	26	8	37	55	17.2	68.0	29
21	3	26	8	37	56	17.2	68.0	97
21	3	26	8	37	57	17.2	68.0	51
21	3	26	8	37	58	17.2	68.0	86
21	3	26	8	37	59	17.2	68.0	79
21	3	26	8	38	0	17.3	68.0	61
21	3	26	8	38	1	17.3	68.0	63
21	3	26	8	38	2	17.3	67.0	55
21	3	26	8	38	3	17.3	67.0	56
21	3	26	8	38	4	17.3	67.0	62
21	3	26	8	38	5	17.3	67.0	64
21	3	26	8	38	6	17.3	67.0	59
21	3	26	8	38	7	17.3	67.0	57
21	3	26	8	38	8	17.3	67.0	57
21	3	26	8	38	9	17.4	66.0	58
21	3	26	8	38	10	17.4	66.0	56
21	3	26	8	38	11	17.3	66.0	56
21	3	26	8	38	12	17.3	66.0	56
21	3	26	8	38	13	17.3	65.0	57
21	3	26	8	38	14	17.3	65.0	57
21	3	26	8	38	15	17.4	65.0	58
21	3	26	8	38	16	17.4	65.0	59
21	3	26	8	38	17	17.4	65.0	57
21	3	26	8	38	18	17.4	65.0	57
21	3	26	8	38	19	17.4	65.0	57
21	3	26	8	38	20	17.4	65.0	56
21	3	26	8	38	21	17.4	65.0	44
21	3	26	8	38	22	17.3	65.0	64
21	3	26	8	38	23	17.3	65.0	65
21	3	26	8	38	24	17.3	65.0	66
21	3	26	8	38	25	17.3	65.0	67
21	3	26	8	38	26	17.3	65.0	67
21	3	26	8	38	27	17.3	65.0	67
21	3	26	8	38	28	17.3	65.0	66
21	3	26	8	38	29	17.3	64.0	66
21	3	26	8	38	30	17.3	64.0	66
21	3	26	8	38	31	17.3	64.0	65
21	3	26	8	38	32	17.3	64.0	67
21	3	26	8	38	33	17.3	64.0	68
21	3	26	8	38	34	17.3	64.0	69
21	3	26	8	38	35	17.3	64.0	69
21	3	26	8	38	36	17.3	64.0	70
21	3	26	8	38	37	17.3	64.0	70
21	3	26	8	38	38	17.2	64.0	70
21	3	26	8	38	39	17.2	64.0	70
21	3	26	8	38	40	17.3	64.0	69
21	3	26	8	38	41	17.3	64.0	46
21	3	26	8	38	42	17.3	64.0	47
21	3	26	8	38	43	17.2	64.0	48
21	3	26	8	38	44	17.2	64.0	49
21	3	26	8	38	45	17.2	64.0	51
21	3	26	8	38	46	17.2	64.0	50
21	3	26	8	38	47	17.2	64.0	53
21	3	26	8	38	48	17.2	64.0	55
21	3	26	8	38	49	17.2	64.0	55
21	3	26	8	38	50	17.2	64.0	55
21	3	26	8	38	51	17.2	64.0	57
21	3	26	8	38	52	17.2	64.0	62
21	3	26	8	38	53	17.2	64.0	56
21	3	26	8	38	54	17.2	64.0	52
21	3	26	8	38	55	17.2	64.0	59
21	3	26	8	38	56	17.2	64.0	62
21	3	26	8	38	57	17.2	64.0	62
21	3	26	8	38	58	17.2	64.0	64
21	3	26	8	38	59	17.2	64.0	63
21	3	26	8	39	0	17.2	64.0	63
21	3	26	8	39	1	17.2	64.0	62
21	3	26	8	39	2	17.2	64.0	60
21	3	26	8	39	3	17.2	64.0	54
21	3	26	8	39	4	17.2	64.0	52
21	3	26	8	39	5	17.2	64.0	54
21	3	26	8	39	6	17.2	64.0	53
21	3	26	8	39	7	17.2	64.0	54
21	3	26	8	39	8	17.2	64.0	53
21	3	26	8	39	9	17.2	64.0	53
21	3	26	8	39	10	17.2	64.0	53
21	3	26	8	39	11	17.2	64.0	58
21	3	26	8	39	12	17.2	64.0	59
21	3	26	8	39	13	17.2	64.0	59
21	3	26	8	39	14	17.2	64.0	60
21	3	26	8	39	15	17.2	64.0	56
21	3	26	8	39	16	17.2	64.0	51
21	3	26	8	39	17	17.2	64.0	56
21	3	26	8	39	18	17.2	64.0	65
21	3	26	8	39	19	17.2	64.0	61
21	3	26	8	39	20	17.2	64.0	60
21	3	26	8	39	21	17.2	64.0	56
21	3	26	8	39	22	17.2	64.0	51
21	3	26	8	39	23	17.2	64.0	62
21	3	26	8	39	24	17.2	64.0	63
21	3	26	8	39	25	17.2	64.0	69
21	3	26	8	39	26	17.2	64.0	70
21	3	26	8	39	27	17.2	64.0	64
21	3	26	8	39	28	17.2	64.0	70
21	3	26	8	39	29	17.2	64.0	70
21	3	26	8	39	30	17.2	64.0	70
21	3	26	8	39	31	17.2	64.0	38
21	3	26	8	39	32	17.2	64.0	40
21	3	26	8	39	33	17.2	64.0	41
21	3	26	8	39	34	17.2	64.0	43
21	3	26	8	39	35	17.2	64.0	70
21	3	26	8	39	36	17.2	64.0	70
21	3	26	8	39	37	17.2	64.0	41
21	3	26	8	39	38	17.2	64.0	42
21	3	26	8	39	39	17.2	64.0	42
21	3	26	8	39	40	17.2	64.0	43
21	3	26	8	39	41	17.2	64.0	42
21	3	26	8	39	42	17.2	64.0	32
21	3	26	8	39	43	17.2	64.0	33
21	3	26	8	39	44	17.2	64.0	33
21	3	26	8	39	45	17.2	64.0	46
21	3	26	8	39	46	17.2	64.0	66
21	3	26	8	39	47	17.2	64.0	61
21	3	26	8	39	48	17.2	64.0	66
21	3	26	8	39	49	17.2	64.0	62
21	3	26	8	39	50	17.2	64.0	68
21	3	26	8	39	51	17.2	64.0	69
21	3	26	8	39	52	17.2	64.0	69
21	3	26	8	39	53	17.2	64.0	75
21	3	26	8	39	54	17.2	64.0	66
21	3	26	8	39	55	17.2	64.0	68
21	3	26	8	39	56	17.2	64.0	67
21	3	26	8	39	57	17.2	64.0	68
21	3	26	8	39	58	17.2	64.0	65
21	3	26	8	39	59	17.2	64.0	65
