Jour	Mois	Année	Heure	Minute	Seconde	Temp(°C) Hum(%) Lum(%)
21	3	26	9	34	16	0.0	0.0	0
21	3	26	9	34	17	16.4	66.0	97
21	3	26	9	34	18	16.4	66.0	97
21	3	26	9	34	19	16.4	66.0	97
21	3	26	9	34	20	16.4	66.0	97
21	3	26	9	34	21	16.4	66.0	97
21	3	26	9	34	22	16.4	66.0	97
21	3	26	9	34	23	16.4	66.0	97
21	3	26	9	34	24	16.4	66.0	97
21	3	26	9	34	25	16.4	66.0	97
21	3	26	9	34	26	16.3	66.0	97
21	3	26	9	34	27	16.3	66.0	97
21	3	26	9	34	28	16.3	66.0	97
21	3	26	9	34	29	16.3	66.0	97
21	3	26	9	34	30	16.3	66.0	98
21	3	26	9	34	31	16.3	66.0	97
21	3	26	9	34	32	16.3	66.0	97
21	3	26	9	34	33	16.4	66.0	97
21	3	26	9	34	34	16.4	66.0	97
21	3	26	9	34	35	16.3	66.0	97
21	3	26	9	34	36	16.3	66.0	97
21	3	26	9	34	37	16.4	66.0	97
21	3	26	9	34	38	16.4	66.0	97
21	3	26	9	34	39	16.4	66.0	82
21	3	26	9	34	40	16.4	66.0	94
21	3	26	9	34	41	16.4	66.0	95
21	3	26	9	34	42	16.3	66.0	95
21	3	26	9	34	43	16.3	66.0	94
21	3	26	9	34	44	16.3	66.0	96
21	3	26	9	34	45	16.3	66.0	97
21	3	26	9	34	46	16.4	66.0	93
21	3	26	9	34	47	16.4	66.0	93
21	3	26	9	34	48	0.0	0.0	0
21	3	26	9	34	49	16.3	66.0	95
21	3	26	9	34	50	16.3	66.0	95
21	3	26	9	34	51	16.3	66.0	94
21	3	26	9	34	52	16.4	66.0	94
21	3	26	9	34	53	16.4	66.0	93
21	3	26	9	34	54	16.3	66.0	93
21	3	26	9	34	55	16.3	66.0	89
21	3	26	9	34	56	16.4	66.0	89
21	3	26	9	34	57	16.4	66.0	87
21	3	26	9	34	58	16.3	66.0	86
21	3	26	9	34	59	16.3	66.0	86
21	3	26	9	35	0	16.3	66.0	88
21	3	26	9	35	1	16.4	66.0	90
21	3	26	9	35	2	16.4	66.0	93
21	3	26	9	35	3	16.4	66.0	93
21	3	26	9	35	4	16.4	66.0	95
21	3	26	9	35	5	16.4	66.0	97
21	3	26	9	35	6	16.4	66.0	97
21	3	26	9	35	7	16.4	66.0	97
21	3	26	9	35	8	16.4	66.0	97
21	3	26	9	35	9	16.4	66.0	97
21	3	26	9	35	10	16.4	66.0	97
21	3	26	9	35	11	16.4	66.0	97
21	3	26	9	35	12	16.4	66.0	97
21	3	26	9	35	13	16.4	66.0	97
21	3	26	9	35	14	16.4	66.0	97
21	3	26	9	35	15	16.4	66.0	97
21	3	26	9	35	16	16.4	66.0	97
21	3	26	9	35	17	16.4	66.0	97
21	3	26	9	35	18	16.4	66.0	97
21	3	26	9	35	19	16.4	66.0	97
21	3	26	9	35	20	16.4	66.0	97
21	3	26	9	35	21	16.4	66.0	97
21	3	26	9	35	22	16.4	66.0	97
21	3	26	9	35	23	16.4	66.0	97
21	3	26	9	35	24	16.4	66.0	96
21	3	26	9	35	25	16.4	66.0	75
21	3	26	9	35	26	16.4	66.0	61
21	3	26	9	35	27	16.4	66.0	60
21	3	26	9	35	28	16.4	66.0	59
21	3	26	9	35	29	16.4	66.0	58
21	3	26	9	35	30	16.4	66.0	57
21	3	26	9	35	31	16.4	66.0	57
21	3	26	9	35	32	16.4	66.0	61
21	3	26	9	35	33	16.4	66.0	58
21	3	26	9	35	34	16.4	66.0	59
21	3	26	9	35	35	16.4	66.0	59
21	3	26	9	35	36	16.4	66.0	59
21	3	26	9	35	37	16.4	66.0	60
21	3	26	9	35	38	16.4	66.0	58
21	3	26	9	35	39	16.4	66.0	58
21	3	26	9	35	40	16.4	66.0	58
21	3	26	9	35	41	16.4	66.0	59
21	3	26	9	35	42	16.4	66.0	71
21	3	26	9	35	43	16.4	66.0	67
21	3	26	9	35	44	16.4	66.0	66
21	3	26	9	35	45	16.4	66.0	66
21	3	26	9	35	46	16.4	66.0	70
21	3	26	9	35	47	16.4	66.0	67
21	3	26	9	35	48	16.4	66.0	64
21	3	26	9	35	49	16.4	66.0	59
21	3	26	9	35	50	16.4	66.0	42
21	3	26	9	35	51	16.4	66.0	64
21	3	26	9	35	52	16.4	66.0	49
21	3	26	9	35	53	16.4	66.0	48
21	3	26	9	35	54	16.4	66.0	48
21	3	26	9	35	55	16.4	66.0	48
21	3	26	9	35	56	16.4	66.0	48
21	3	26	9	35	57	16.4	66.0	48
21	3	26	9	35	58	16.4	66.0	47
21	3	26	9	35	59	16.4	66.0	47
21	3	26	9	36	0	16.4	66.0	47
21	3	26	9	36	1	16.4	66.0	47
21	3	26	9	36	2	16.4	66.0	55
21	3	26	9	36	3	16.4	66.0	68
21	3	26	9	36	4	16.4	66.0	68
21	3	26	9	36	5	16.4	66.0	68
21	3	26	9	36	6	16.4	66.0	69
21	3	26	9	36	7	16.4	66.0	67
21	3	26	9	36	8	16.4	66.0	67
21	3	26	9	36	9	16.4	66.0	57
21	3	26	9	36	10	16.4	66.0	59
21	3	26	9	36	11	16.4	66.0	59
21	3	26	9	36	12	16.4	66.0	59
21	3	26	9	36	13	16.4	66.0	60
21	3	26	9	36	14	16.4	66.0	60
21	3	26	9	36	15	16.4	66.0	63
21	3	26	9	36	16	16.4	66.0	54
21	3	26	9	36	17	16.4	66.0	55
21	3	26	9	36	18	16.4	66.0	55
21	3	26	9	36	19	16.4	66.0	56
21	3	26	9	36	20	16.4	66.0	56
21	3	26	9	36	21	16.4	66.0	56
21	3	26	9	36	22	16.4	66.0	56
21	3	26	9	36	23	16.4	66.0	71
21	3	26	9	36	24	16.4	66.0	73
21	3	26	9	36	25	16.4	66.0	68
21	3	26	9	36	26	16.4	66.0	68
21	3	26	9	36	27	16.4	66.0	68
21	3	26	9	36	28	16.4	66.0	67
21	3	26	9	36	29	16.4	66.0	67
21	3	26	9	36	30	16.4	66.0	67
21	3	26	9	36	31	16.4	66.0	70
21	3	26	9	36	32	16.4	66.0	70
21	3	26	9	36	33	16.4	66.0	68
21	3	26	9	36	34	16.4	66.0	62
21	3	26	9	36	35	16.4	66.0	63
21	3	26	9	36	36	16.4	66.0	63
21	3	26	9	36	37	16.4	66.0	64
21	3	26	9	36	38	16.4	66.0	64
21	3	26	9	36	39	16.4	66.0	64
21	3	26	9	36	40	16.4	66.0	72
21	3	26	9	36	41	16.4	66.0	64
21	3	26	9	36	42	16.4	66.0	62
21	3	26	9	36	43	16.4	66.0	60
21	3	26	9	36	44	16.4	66.0	64
21	3	26	9	36	45	16.4	66.0	62
21	3	26	9	36	46	16.4	66.0	62
21	3	26	9	36	47	16.4	66.0	60
21	3	26	9	36	48	16.4	66.0	60
21	3	26	9	36	49	16.4	66.0	59
21	3	26	9	36	50	16.4	66.0	59
21	3	26	9	36	51	16.4	66.0	58
21	3	26	9	36	52	16.4	66.0	58
21	3	26	9	36	53	16.4	66.0	58
21	3	26	9	36	54	16.4	66.0	57
21	3	26	9	36	55	16.4	66.0	57
21	3	26	9	36	56	16.4	66.0	57
21	3	26	9	36	57	16.4	66.0	57
21	3	26	9	36	58	16.4	66.0	56
21	3	26	9	36	59	16.4	66.0	57
21	3	26	9	37	0	16.4	66.0	52
21	3	26	9	37	1	16.4	66.0	53
21	3	26	9	37	2	16.4	66.0	52
21	3	26	9	37	3	16.4	66.0	52
21	3	26	9	37	4	16.4	66.0	52
21	3	26	9	37	5	16.4	66.0	52
21	3	26	9	37	6	16.4	66.0	52
21	3	26	9	37	7	16.4	66.0	49
21	3	26	9	37	8	16.4	66.0	49
21	3	26	9	37	9	16.4	66.0	50
21	3	26	9	37	10	16.4	66.0	59
21	3	26	9	37	11	16.4	66.0	86
21	3	26	9	37	12	16.4	66.0	89
21	3	26	9	37	13	16.4	66.0	88
21	3	26	9	37	14	16.4	66.0	88
21	3	26	9	37	15	16.4	66.0	89
21	3	26	9	37	16	16.4	66.0	87
21	3	26	9	37	17	16.4	66.0	87
21	3	26	9	37	18	16.4	66.0	87
21	3	26	9	37	19	16.4	66.0	87
21	3	26	9	37	20	16.4	66.0	87
21	3	26	9	37	21	16.4	66.0	88
21	3	26	9	37	22	16.4	66.0	88
21	3	26	9	37	23	16.4	66.0	88
21	3	26	9	37	24	16.4	66.0	87
21	3	26	9	37	25	16.4	66.0	87
21	3	26	9	37	26	16.4	66.0	87
21	3	26	9	37	27	16.4	66.0	87
21	3	26	9	37	28	16.4	66.0	87
21	3	26	9	37	29	16.4	66.0	87
21	3	26	9	37	30	16.4	66.0	87
21	3	26	9	37	31	16.4	66.0	87
21	3	26	9	37	32	16.4	66.0	88
21	3	26	9	37	33	16.4	66.0	88
21	3	26	9	37	34	16.4	66.0	88
21	3	26	9	37	35	16.4	66.0	88
21	3	26	9	37	36	16.4	66.0	88
21	3	26	9	37	37	16.4	66.0	89
21	3	26	9	37	38	16.4	66.0	89
21	3	26	9	37	39	16.4	66.0	89
21	3	26	9	37	40	16.4	66.0	90
21	3	26	9	37	41	16.4	66.0	90
21	3	26	9	37	42	16.4	66.0	91
21	3	26	9	37	43	16.4	66.0	92
21	3	26	9	37	44	16.4	66.0	91
21	3	26	9	37	45	16.4	66.0	92
21	3	26	9	37	46	16.4	66.0	92
21	3	26	9	37	47	16.4	66.0	92
21	3	26	9	37	48	16.4	66.0	93
21	3	26	9	37	49	16.4	66.0	93
21	3	26	9	37	50	16.4	66.0	93
21	3	26	9	37	51	16.4	66.0	94
21	3	26	9	37	52	16.4	66.0	95
21	3	26	9	37	53	16.4	66.0	95
21	3	26	9	37	54	16.4	66.0	96
21	3	26	9	37	55	16.4	66.0	97
21	3	26	9	37	56	16.4	66.0	97
21	3	26	9	37	57	16.4	66.0	96
21	3	26	9	37	58	16.4	66.0	96
21	3	26	9	37	59	16.4	66.0	97
21	3	26	9	38	0	16.4	66.0	97
21	3	26	9	38	1	16.4	66.0	97
21	3	26	9	38	2	16.4	66.0	97
21	3	26	9	38	3	16.4	66.0	97
21	3	26	9	38	4	16.4	66.0	97
21	3	26	9	38	5	16.4	66.0	97
21	3	26	9	38	6	16.4	66.0	97
21	3	26	9	38	7	16.4	66.0	97
21	3	26	9	38	8	16.4	66.0	97
21	3	26	9	38	9	16.4	66.0	97
21	3	26	9	38	10	16.4	66.0	97
21	3	26	9	38	11	16.4	66.0	97
21	3	26	9	38	12	16.4	66.0	97
21	3	26	9	38	13	16.4	66.0	97
21	3	26	9	38	14	16.4	66.0	97
21	3	26	9	38	15	16.4	66.0	97
21	3	26	9	38	16	16.4	66.0	97
21	3	26	9	38	17	16.4	66.0	97
21	3	26	9	38	18	16.4	66.0	97
21	3	26	9	38	19	16.4	66.0	97
21	3	26	9	38	20	16.4	66.0	97
21	3	26	9	38	21	16.4	66.0	97
21	3	26	9	38	22	16.4	66.0	97
21	3	26	9	38	23	16.4	66.0	97
21	3	26	9	38	24	16.4	66.0	97
21	3	26	9	38	25	16.4	66.0	97
21	3	26	9	38	26	16.4	66.0	97
21	3	26	9	38	27	16.4	66.0	97
21	3	26	9	38	28	16.4	66.0	97
21	3	26	9	38	29	16.4	66.0	97
21	3	26	9	38	30	16.4	66.0	97
21	3	26	9	38	31	16.4	66.0	97
21	3	26	9	38	32	16.4	66.0	97
21	3	26	9	38	33	16.4	66.0	97
21	3	26	9	38	34	16.4	66.0	97
21	3	26	9	38	35	16.4	66.0	97
21	3	26	9	38	36	16.4	66.0	97
21	3	26	9	38	37	16.4	66.0	97
21	3	26	9	38	38	16.4	66.0	97
21	3	26	9	38	39	16.4	66.0	97
21	3	26	9	38	40	16.4	66.0	97
21	3	26	9	38	41	16.4	66.0	97
21	3	26	9	38	42	16.4	66.0	97
21	3	26	9	38	43	16.4	66.0	97
21	3	26	9	38	44	16.4	66.0	97
21	3	26	9	38	45	16.4	66.0	97
21	3	26	9	38	46	16.4	66.0	97
21	3	26	9	38	47	16.4	66.0	97
21	3	26	9	38	48	16.4	66.0	97
21	3	26	9	38	49	16.4	66.0	97
21	3	26	9	38	50	16.4	66.0	97
21	3	26	9	38	51	16.4	66.0	97
21	3	26	9	38	52	16.4	66.0	97
21	3	26	9	38	53	16.4	66.0	97
21	3	26	9	38	54	16.4	66.0	97
21	3	26	9	38	55	16.4	66.0	97
21	3	26	9	38	56	16.4	66.0	97
21	3	26	9	38	57	16.4	66.0	97
21	3	26	9	38	58	16.4	66.0	97
21	3	26	9	38	59	16.4	66.0	95
21	3	26	9	39	0	16.4	66.0	92
21	3	26	9	39	1	16.4	66.0	92
21	3	26	9	39	2	16.4	66.0	92
21	3	26	9	39	3	16.4	66.0	91
21	3	26	9	39	4	16.4	66.0	89
21	3	26	9	39	5	16.4	66.0	90
21	3	26	9	39	6	16.4	66.0	97
21	3	26	9	39	7	16.4	66.0	97
21	3	26	9	39	8	16.4	66.0	97
21	3	26	9	39	9	16.4	66.0	97
21	3	26	9	39	10	16.4	66.0	97
21	3	26	9	39	11	16.4	66.0	97
21	3	26	9	39	12	16.4	66.0	97
21	3	26	9	39	13	16.4	66.0	97
21	3	26	9	39	14	16.4	66.0	97
21	3	26	9	39	15	16.4	66.0	97
21	3	26	9	39	16	16.4	66.0	97
21	3	26	9	39	17	16.4	66.0	97
21	3	26	9	39	18	16.4	66.0	97
21	3	26	9	39	19	16.4	66.0	97
21	3	26	9	39	20	16.4	66.0	97
21	3	26	9	39	21	16.4	67.0	97
21	3	26	9	39	22	16.4	67.0	97
21	3	26	9	39	23	16.4	67.0	93
21	3	26	9	39	24	16.4	67.0	97
21	3	26	9	39	25	16.4	66.0	94
21	3	26	9	39	26	16.4	66.0	78
21	3	26	9	39	27	16.4	66.0	79
21	3	26	9	39	28	16.4	66.0	80
21	3	26	9	39	29	16.4	66.0	84
21	3	26	9	39	30	16.4	66.0	85
21	3	26	9	39	31	16.4	66.0	84
21	3	26	9	39	32	16.4	66.0	84
21	3	26	9	39	33	16.4	66.0	83
21	3	26	9	39	34	16.4	66.0	83
21	3	26	9	39	35	16.4	66.0	82
21	3	26	9	39	36	16.4	66.0	77
21	3	26	9	39	37	16.4	66.0	75
21	3	26	9	39	38	16.4	66.0	77
21	3	26	9	39	39	16.4	66.0	77
21	3	26	9	39	40	16.4	66.0	77
21	3	26	9	39	41	16.4	66.0	76
21	3	26	9	39	42	16.4	66.0	75
21	3	26	9	39	43	16.4	66.0	73
21	3	26	9	39	44	16.4	66.0	72
21	3	26	9	39	45	16.4	66.0	72
21	3	26	9	39	46	16.4	66.0	72
21	3	26	9	39	47	16.4	66.0	74
21	3	26	9	39	48	16.4	66.0	76
21	3	26	9	39	49	16.4	66.0	91
21	3	26	9	39	50	16.4	66.0	86
21	3	26	9	39	51	16.4	66.0	83
21	3	26	9	39	52	16.4	66.0	82
21	3	26	9	39	53	16.4	66.0	86
21	3	26	9	39	54	16.4	66.0	84
21	3	26	9	39	55	16.4	66.0	81
21	3	26	9	39	56	16.4	66.0	80
21	3	26	9	39	57	16.4	66.0	79
21	3	26	9	39	58	16.4	66.0	81
21	3	26	9	39	59	16.4	66.0	83
21	3	26	9	40	0	16.4	66.0	83
21	3	26	9	40	1	16.4	66.0	81
21	3	26	9	40	2	16.4	66.0	52
21	3	26	9	40	3	16.4	66.0	54
21	3	26	9	40	4	16.4	66.0	53
21	3	26	9	40	5	16.4	66.0	53
21	3	26	9	40	6	16.4	66.0	52
21	3	26	9	40	7	16.4	66.0	51
21	3	26	9	40	8	16.4	66.0	51
21	3	26	9	40	9	16.4	66.0	51
21	3	26	9	40	10	16.4	66.0	50
21	3	26	9	40	11	16.4	66.0	49
21	3	26	9	40	12	16.4	66.0	50
21	3	26	9	40	13	16.4	66.0	49
21	3	26	9	40	14	16.4	66.0	49
21	3	26	9	40	15	16.4	66.0	49
21	3	26	9	40	16	16.4	66.0	49
21	3	26	9	40	17	16.4	66.0	48
21	3	26	9	40	18	16.4	66.0	48
21	3	26	9	40	19	16.4	66.0	47
21	3	26	9	40	20	16.4	66.0	48
21	3	26	9	40	21	16.4	66.0	47
21	3	26	9	40	22	16.4	66.0	50
21	3	26	9	40	23	16.4	66.0	48
21	3	26	9	40	24	16.4	66.0	55
21	3	26	9	40	25	16.4	66.0	53
21	3	26	9	40	26	16.4	66.0	54
21	3	26	9	40	27	16.4	66.0	54
21	3	26	9	40	28	16.4	66.0	54
21	3	26	9	40	29	16.4	66.0	54
21	3	26	9	40	30	16.4	66.0	54
21	3	26	9	40	31	16.4	66.0	54
21	3	26	9	40	32	16.4	66.0	54
21	3	26	9	40	33	16.4	66.0	54
21	3	26	9	40	34	16.4	66.0	54
21	3	26	9	40	35	16.4	66.0	52
21	3	26	9	40	36	16.4	66.0	53
21	3	26	9	40	37	16.4	66.0	53
21	3	26	9	40	38	16.4	66.0	53
21	3	26	9	40	39	16.4	66.0	53
21	3	26	9	40	40	16.4	66.0	52
21	3	26	9	40	41	16.4	66.0	52
21	3	26	9	40	42	16.4	66.0	51
21	3	26	9	40	43	16.4	66.0	51
21	3	26	9	40	44	16.4	66.0	49
21	3	26	9	40	45	16.4	66.0	48
21	3	26	9	40	46	16.4	66.0	49
21	3	26	9	40	47	16.4	66.0	49
21	3	26	9	40	48	16.4	66.0	45
21	3	26	9	40	49	16.4	66.0	48
21	3	26	9	40	50	16.4	66.0	50
21	3	26	9	40	51	16.4	66.0	48
21	3	26	9	40	52	16.4	66.0	47
21	3	26	9	40	53	16.4	66.0	47
21	3	26	9	40	54	16.4	66.0	46
21	3	26	9	40	55	16.4	66.0	46
21	3	26	9	40	56	16.4	66.0	47
21	3	26	9	40	57	16.4	66.0	47
21	3	26	9	40	58	16.4	66.0	48
21	3	26	9	40	59	16.4	66.0	44
21	3	26	9	41	0	16.4	66.0	44
21	3	26	9	41	1	16.4	66.0	49
21	3	26	9	41	2	16.4	66.0	50
21	3	26	9	41	3	16.4	66.0	48
21	3	26	9	41	4	16.4	66.0	32
21	3	26	9	41	5	16.4	66.0	39
21	3	26	9	41	6	16.4	66.0	37
21	3	26	9	41	7	16.4	66.0	38
21	3	26	9	41	8	16.4	66.0	65
21	3	26	9	41	9	16.4	66.0	29
21	3	26	9	41	10	16.4	66.0	63
21	3	26	9	41	11	16.4	66.0	64
21	3	26	9	41	12	16.4	66.0	64
21	3	26	9	41	13	16.4	66.0	64
21	3	26	9	41	14	16.4	66.0	63
21	3	26	9	41	15	16.4	66.0	63
21	3	26	9	41	16	16.4	66.0	63
21	3	26	9	41	17	16.4	66.0	63
21	3	26	9	41	18	16.4	66.0	63
21	3	26	9	41	19	16.4	66.0	64
21	3	26	9	41	20	16.4	66.0	64
21	3	26	9	41	21	16.4	66.0	64
21	3	26	9	41	22	16.4	66.0	39
21	3	26	9	41	23	16.4	66.0	65
21	3	26	9	41	24	16.4	66.0	65
21	3	26	9	41	25	16.4	66.0	65
21	3	26	9	41	26	16.4	66.0	64
21	3	26	9	41	27	16.4	66.0	56
21	3	26	9	41	28	16.4	66.0	57
21	3	26	9	41	29	16.4	66.0	51
21	3	26	9	41	30	16.4	66.0	46
21	3	26	9	41	31	16.4	66.0	33
21	3	26	9	41	32	16.4	66.0	63
21	3	26	9	41	33	16.4	66.0	64
21	3	26	9	41	34	16.4	66.0	64
21	3	26	9	41	35	16.4	66.0	64
21	3	26	9	41	36	16.4	66.0	64
21	3	26	9	41	37	16.4	66.0	64
21	3	26	9	41	38	16.4	66.0	65
21	3	26	9	41	39	16.4	66.0	63
21	3	26	9	41	40	16.4	66.0	64
21	3	26	9	41	41	16.4	66.0	63
21	3	26	9	41	42	16.4	66.0	63
21	3	26	9	41	43	16.4	66.0	62
21	3	26	9	41	44	16.4	66.0	56
21	3	26	9	41	45	16.4	66.0	62
21	3	26	9	41	46	16.4	66.0	61
21	3	26	9	41	47	16.4	66.0	61
21	3	26	9	41	48	16.4	66.0	61
21	3	26	9	41	49	16.4	66.0	61
21	3	26	9	41	50	16.4	66.0	62
21	3	26	9	41	51	16.4	66.0	63
21	3	26	9	41	52	16.4	66.0	62
21	3	26	9	41	53	16.4	66.0	61
21	3	26	9	41	54	16.4	66.0	61
21	3	26	9	41	55	16.4	66.0	61
21	3	26	9	41	56	16.4	66.0	61
21	3	26	9	41	57	16.4	66.0	62
21	3	26	9	41	58	16.4	66.0	62
21	3	26	9	41	59	16.4	66.0	60
21	3	26	9	42	0	16.4	66.0	60
21	3	26	9	42	1	16.4	66.0	60
21	3	26	9	42	2	16.4	66.0	61
21	3	26	9	42	3	16.4	66.0	61
21	3	26	9	42	4	16.4	66.0	63
21	3	26	9	42	5	16.4	66.0	65
21	3	26	9	42	6	16.4	66.0	65
21	3	26	9	42	7	16.4	66.0	66
21	3	26	9	42	8	16.4	65.0	66
21	3	26	9	42	9	16.4	65.0	65
21	3	26	9	42	10	16.4	66.0	55
21	3	26	9	42	11	16.4	66.0	66
21	3	26	9	42	12	16.4	66.0	65
21	3	26	9	42	13	16.4	66.0	64
21	3	26	9	42	14	16.4	66.0	65
21	3	26	9	42	15	16.4	66.0	65
21	3	26	9	42	16	16.4	66.0	56
21	3	26	9	42	17	16.4	66.0	66
21	3	26	9	42	18	16.4	66.0	66
21	3	26	9	42	19	16.4	66.0	67
21	3	26	9	42	20	16.4	66.0	65
21	3	26	9	42	21	16.4	66.0	65
21	3	26	9	42	22	16.4	66.0	65
21	3	26	9	42	23	16.4	66.0	66
21	3	26	9	42	24	16.4	66.0	67
21	3	26	9	42	25	16.4	66.0	67
21	3	26	9	42	26	16.4	66.0	68
21	3	26	9	42	27	16.4	66.0	67
21	3	26	9	42	28	16.4	66.0	67
21	3	26	9	42	29	16.4	66.0	66
21	3	26	9	42	30	16.4	66.0	67
21	3	26	9	42	31	16.4	66.0	67
21	3	26	9	42	32	16.4	66.0	67
21	3	26	9	42	33	16.4	66.0	67
21	3	26	9	42	34	16.4	66.0	69
21	3	26	9	42	35	16.4	66.0	68
21	3	26	9	42	36	16.4	66.0	67
21	3	26	9	42	37	16.4	66.0	67
21	3	26	9	42	38	16.4	66.0	67
21	3	26	9	42	39	16.4	66.0	68
21	3	26	9	42	40	16.4	66.0	67
21	3	26	9	42	41	16.4	66.0	67
21	3	26	9	42	42	16.4	66.0	70
21	3	26	9	42	43	16.4	66.0	69
21	3	26	9	42	44	16.4	66.0	69
21	3	26	9	42	45	16.4	66.0	69
21	3	26	9	42	46	16.4	66.0	70
21	3	26	9	42	47	16.4	66.0	70
21	3	26	9	42	48	16.4	66.0	70
21	3	26	9	42	49	16.4	66.0	71
21	3	26	9	42	50	16.4	66.0	70
21	3	26	9	42	51	16.4	66.0	68
21	3	26	9	42	52	16.4	66.0	69
21	3	26	9	42	53	16.4	66.0	70
21	3	26	9	42	54	16.4	66.0	71
21	3	26	9	42	55	16.4	66.0	70
21	3	26	9	42	56	16.4	66.0	71
21	3	26	9	42	57	16.4	66.0	71
21	3	26	9	42	58	16.4	66.0	71
21	3	26	9	42	59	16.4	66.0	72
21	3	26	9	43	0	16.4	66.0	71
21	3	26	9	43	1	16.4	66.0	71
21	3	26	9	43	2	16.4	66.0	72
21	3	26	9	43	3	16.4	66.0	72
21	3	26	9	43	4	16.4	66.0	73
21	3	26	9	43	5	16.4	66.0	74
21	3	26	9	43	6	16.4	66.0	74
21	3	26	9	43	7	16.4	66.0	73
21	3	26	9	43	8	16.4	66.0	73
21	3	26	9	43	9	16.4	66.0	74
21	3	26	9	43	10	16.4	66.0	74
21	3	26	9	43	11	16.4	66.0	74
21	3	26	9	43	12	16.4	66.0	75
21	3	26	9	43	13	16.4	66.0	74
21	3	26	9	43	14	16.4	66.0	75
21	3	26	9	43	15	16.4	66.0	75
21	3	26	9	43	16	16.4	66.0	75
21	3	26	9	43	17	16.4	66.0	76
21	3	26	9	43	18	16.4	66.0	76
21	3	26	9	43	19	16.4	66.0	76
21	3	26	9	43	20	16.4	66.0	76
21	3	26	9	43	21	16.4	66.0	75
21	3	26	9	43	22	16.4	66.0	71
21	3	26	9	43	23	16.4	66.0	74
21	3	26	9	43	24	16.4	66.0	75
21	3	26	9	43	25	16.4	66.0	76
21	3	26	9	43	26	16.4	66.0	77
21	3	26	9	43	27	16.4	66.0	77
21	3	26	9	43	28	16.4	66.0	78
21	3	26	9	43	29	16.4	66.0	78
21	3	26	9	43	30	16.4	66.0	79
21	3	26	9	43	31	16.4	66.0	78
21	3	26	9	43	32	16.4	66.0	79
21	3	26	9	43	33	16.4	66.0	79
21	3	26	9	43	34	16.4	66.0	79
21	3	26	9	43	35	16.4	66.0	79
21	3	26	9	43	36	16.4	66.0	79
21	3	26	9	43	37	16.4	66.0	79
21	3	26	9	43	38	16.4	66.0	79
21	3	26	9	43	39	16.4	66.0	79
21	3	26	9	43	40	16.4	66.0	78
21	3	26	9	43	41	16.4	66.0	78
21	3	26	9	43	42	16.4	66.0	79
21	3	26	9	43	43	16.4	66.0	79
21	3	26	9	43	44	16.4	66.0	79
21	3	26	9	43	45	16.4	66.0	79
21	3	26	9	43	46	16.4	66.0	80
21	3	26	9	43	47	16.4	66.0	80
21	3	26	9	43	48	16.4	66.0	79
21	3	26	9	43	49	16.4	66.0	79
21	3	26	9	43	50	16.4	66.0	79
21	3	26	9	43	51	16.4	66.0	80
21	3	26	9	43	52	16.4	66.0	80
21	3	26	9	43	53	16.4	66.0	80
21	3	26	9	43	54	16.4	66.0	80
21	3	26	9	43	55	16.4	66.0	82
21	3	26	9	43	56	16.4	66.0	83
21	3	26	9	43	57	16.4	66.0	84
21	3	26	9	43	58	16.4	66.0	84
21	3	26	9	43	59	16.4	66.0	84
21	3	26	9	44	0	16.4	66.0	84
21	3	26	9	44	1	16.4	66.0	85
21	3	26	9	44	2	16.4	66.0	85
21	3	26	9	44	3	16.4	66.0	86
21	3	26	9	44	4	16.4	66.0	86
21	3	26	9	44	5	16.4	66.0	86
21	3	26	9	44	6	16.4	66.0	87
21	3	26	9	44	7	16.4	66.0	87
21	3	26	9	44	8	16.4	66.0	87
21	3	26	9	44	9	16.4	66.0	87
21	3	26	9	44	10	16.4	66.0	87
21	3	26	9	44	11	16.4	66.0	89
21	3	26	9	44	12	16.4	66.0	89
21	3	26	9	44	13	16.4	66.0	88
21	3	26	9	44	14	16.4	66.0	89
21	3	26	9	44	15	16.4	66.0	88
21	3	26	9	44	16	16.4	66.0	88
21	3	26	9	44	17	16.4	66.0	88
21	3	26	9	44	18	16.4	66.0	89
21	3	26	9	44	19	16.3	66.0	90
21	3	26	9	44	20	16.3	66.0	90
21	3	26	9	44	21	16.3	66.0	90
21	3	26	9	44	22	16.3	66.0	91
21	3	26	9	44	23	16.3	66.0	91
21	3	26	9	44	24	16.4	66.0	92
21	3	26	9	44	25	16.4	66.0	91
21	3	26	9	44	26	16.3	66.0	92
21	3	26	9	44	27	16.3	66.0	92
21	3	26	9	44	28	16.3	66.0	92
21	3	26	9	44	29	16.3	66.0	92
21	3	26	9	44	30	16.3	66.0	92
21	3	26	9	44	31	16.3	66.0	91
21	3	26	9	44	32	16.3	66.0	92
21	3	26	9	44	33	16.3	66.0	91
21	3	26	9	44	34	16.3	66.0	90
21	3	26	9	44	35	16.3	66.0	89
21	3	26	9	44	36	16.3	66.0	88
21	3	26	9	44	37	16.3	66.0	87
21	3	26	9	44	38	16.3	66.0	86
21	3	26	9	44	39	16.3	66.0	85
21	3	26	9	44	40	16.3	66.0	85
21	3	26	9	44	41	16.3	66.0	85
21	3	26	9	44	42	16.3	66.0	84
21	3	26	9	44	43	16.3	66.0	53
21	3	26	9	44	44	16.3	66.0	43
21	3	26	9	44	45	16.3	66.0	42
21	3	26	9	44	46	16.3	66.0	42
21	3	26	9	44	47	16.4	66.0	42
21	3	26	9	44	48	16.4	66.0	81
21	3	26	9	44	49	16.4	66.0	82
21	3	26	9	44	50	16.4	66.0	81
21	3	26	9	44	51	16.3	66.0	81
21	3	26	9	44	52	16.3	66.0	80
21	3	26	9	44	53	16.3	66.0	81
21	3	26	9	44	54	16.4	66.0	82
21	3	26	9	44	55	16.4	66.0	81
21	3	26	9	44	56	16.4	66.0	80
21	3	26	9	44	57	16.4	66.0	80
21	3	26	9	44	58	16.3	66.0	79
21	3	26	9	44	59	16.3	66.0	63
21	3	26	9	45	0	16.3	66.0	57
21	3	26	9	45	1	16.3	66.0	75
21	3	26	9	45	2	16.3	66.0	76
21	3	26	9	45	3	16.4	66.0	76
21	3	26	9	45	4	16.4	66.0	72
21	3	26	9	45	5	16.3	66.0	70
21	3	26	9	45	6	16.3	66.0	69
21	3	26	9	45	7	16.3	66.0	70
21	3	26	9	45	8	16.3	66.0	72
21	3	26	9	45	9	16.4	66.0	71
21	3	26	9	45	10	16.4	66.0	71
21	3	26	9	45	11	16.4	66.0	72
21	3	26	9	45	12	16.3	66.0	71
21	3	26	9	45	13	16.3	66.0	71
21	3	26	9	45	14	16.4	66.0	72
21	3	26	9	45	15	16.4	66.0	71
21	3	26	9	45	16	16.4	66.0	71
21	3	26	9	45	17	16.4	66.0	71
21	3	26	9	45	18	16.4	66.0	71
21	3	26	9	45	19	16.3	66.0	70
21	3	26	9	45	20	16.3	66.0	69
21	3	26	9	45	21	16.4	66.0	70
21	3	26	9	45	22	16.4	66.0	70
21	3	26	9	45	23	16.3	66.0	72
21	3	26	9	45	24	16.3	66.0	69
21	3	26	9	45	25	16.3	66.0	74
21	3	26	9	45	26	16.3	66.0	72
21	3	26	9	45	27	16.3	66.0	71
21	3	26	9	45	28	16.3	66.0	46
21	3	26	9	45	29	16.3	66.0	40
21	3	26	9	45	30	16.4	66.0	41
21	3	26	9	45	31	16.4	66.0	42
21	3	26	9	45	32	16.4	66.0	74
21	3	26	9	45	33	16.4	66.0	74
21	3	26	9	45	34	16.4	66.0	73
21	3	26	9	45	35	16.4	66.0	73
21	3	26	9	45	36	16.4	66.0	72
21	3	26	9	45	37	16.4	66.0	72
21	3	26	9	45	38	16.4	66.0	73
21	3	26	9	45	39	16.4	66.0	73
21	3	26	9	45	40	16.4	66.0	74
21	3	26	9	45	41	16.4	66.0	74
21	3	26	9	45	42	16.4	66.0	77
21	3	26	9	45	43	16.4	66.0	77
21	3	26	9	45	44	16.4	66.0	78
21	3	26	9	45	45	16.4	66.0	78
21	3	26	9	45	46	16.4	66.0	79
21	3	26	9	45	47	16.4	66.0	80
21	3	26	9	45	48	16.4	66.0	81
21	3	26	9	45	49	16.4	66.0	81
21	3	26	9	45	50	16.4	66.0	82
21	3	26	9	45	51	16.4	66.0	82
21	3	26	9	45	52	16.4	66.0	83
21	3	26	9	45	53	16.4	66.0	84
21	3	26	9	45	54	16.4	66.0	85
21	3	26	9	45	55	16.4	66.0	86
21	3	26	9	45	56	16.4	66.0	85
21	3	26	9	45	57	16.4	66.0	85
21	3	26	9	45	58	16.4	66.0	85
21	3	26	9	45	59	16.4	66.0	86
21	3	26	9	46	0	16.4	66.0	86
21	3	26	9	46	1	16.4	66.0	86
21	3	26	9	46	2	16.4	66.0	85
21	3	26	9	46	3	16.4	66.0	84
21	3	26	9	46	4	16.4	66.0	84
21	3	26	9	46	5	16.4	66.0	83
21	3	26	9	46	6	16.4	66.0	84
21	3	26	9	46	7	16.4	66.0	84
21	3	26	9	46	8	16.4	66.0	83
21	3	26	9	46	9	16.4	66.0	83
21	3	26	9	46	10	16.4	66.0	84
21	3	26	9	46	11	16.4	66.0	83
21	3	26	9	46	12	16.4	66.0	79
21	3	26	9	46	13	16.4	66.0	79
21	3	26	9	46	14	16.4	66.0	80
21	3	26	9	46	15	16.4	66.0	79
21	3	26	9	46	16	16.4	66.0	80
21	3	26	9	46	17	16.4	66.0	79
21	3	26	9	46	18	16.4	66.0	79
21	3	26	9	46	19	16.4	66.0	79
21	3	26	9	46	20	16.4	66.0	79
21	3	26	9	46	21	16.4	66.0	79
21	3	26	9	46	22	16.4	66.0	79
21	3	26	9	46	23	16.4	66.0	78
21	3	26	9	46	24	16.4	66.0	78
21	3	26	9	46	25	16.4	66.0	78
21	3	26	9	46	26	16.4	66.0	78
21	3	26	9	46	27	16.4	66.0	78
21	3	26	9	46	28	16.4	66.0	78
21	3	26	9	46	29	16.4	66.0	78
21	3	26	9	46	30	16.4	66.0	78
21	3	26	9	46	31	16.4	66.0	78
21	3	26	9	46	32	16.4	66.0	78
21	3	26	9	46	33	16.4	66.0	78
21	3	26	9	46	34	16.4	66.0	79
21	3	26	9	46	35	16.4	66.0	79
21	3	26	9	46	36	16.4	66.0	79
21	3	26	9	46	37	16.4	66.0	79
21	3	26	9	46	38	16.4	66.0	78
21	3	26	9	46	39	16.4	66.0	78
21	3	26	9	46	40	16.4	66.0	78
21	3	26	9	46	41	16.4	66.0	77
21	3	26	9	46	42	16.4	66.0	76
21	3	26	9	46	43	16.4	66.0	74
21	3	26	9	46	44	16.4	66.0	75
21	3	26	9	46	45	16.4	66.0	75
21	3	26	9	46	46	16.4	66.0	75
21	3	26	9	46	47	16.4	66.0	77
21	3	26	9	46	48	16.4	66.0	78
21	3	26	9	46	49	16.4	66.0	76
21	3	26	9	46	50	16.4	66.0	77
21	3	26	9	46	51	16.4	66.0	77
21	3	26	9	46	52	16.4	66.0	75
21	3	26	9	46	53	16.4	66.0	76
21	3	26	9	46	54	16.4	66.0	76
21	3	26	9	46	55	16.4	66.0	76
21	3	26	9	46	56	16.4	66.0	74
21	3	26	9	46	57	16.4	66.0	75
21	3	26	9	46	58	16.4	66.0	76
21	3	26	9	46	59	16.4	66.0	74
21	3	26	9	47	0	16.4	66.0	74
21	3	26	9	47	1	16.4	66.0	76
21	3	26	9	47	2	16.4	66.0	73
21	3	26	9	47	3	16.4	66.0	73
21	3	26	9	47	4	16.4	66.0	71
21	3	26	9	47	5	16.4	66.0	71
21	3	26	9	47	6	16.4	66.0	71
21	3	26	9	47	7	16.4	66.0	71
21	3	26	9	47	8	16.4	66.0	72
21	3	26	9	47	9	16.4	66.0	70
21	3	26	9	47	10	16.3	66.0	71
21	3	26	9	47	11	16.3	66.0	69
21	3	26	9	47	12	16.4	66.0	69
21	3	26	9	47	13	16.4	66.0	68
21	3	26	9	47	14	16.4	66.0	68
21	3	26	9	47	15	16.4	66.0	68
21	3	26	9	47	16	16.4	66.0	68
21	3	26	9	47	17	16.4	66.0	68
21	3	26	9	47	18	16.4	66.0	69
21	3	26	9	47	19	16.4	66.0	68
21	3	26	9	47	20	16.4	66.0	69
21	3	26	9	47	21	16.3	66.0	68
21	3	26	9	47	22	16.3	66.0	68
21	3	26	9	47	23	16.3	66.0	68
21	3	26	9	47	24	16.4	66.0	68
21	3	26	9	47	25	16.4	66.0	69
21	3	26	9	47	26	16.4	66.0	69
21	3	26	9	47	27	16.4	66.0	69
21	3	26	9	47	28	16.3	66.0	69
21	3	26	9	47	29	16.3	66.0	70
21	3	26	9	47	30	16.4	66.0	70
21	3	26	9	47	31	16.4	66.0	70
21	3	26	9	47	32	16.4	66.0	70
21	3	26	9	47	33	16.3	66.0	71
21	3	26	9	47	34	16.3	66.0	71
21	3	26	9	47	35	16.3	66.0	71
21	3	26	9	47	36	16.3	66.0	72
21	3	26	9	47	37	16.3	66.0	72
21	3	26	9	47	38	16.3	66.0	73
21	3	26	9	47	39	16.3	66.0	79
21	3	26	9	47	40	16.3	66.0	79
21	3	26	9	47	41	16.3	66.0	81
21	3	26	9	47	42	16.3	66.0	82
21	3	26	9	47	43	16.3	66.0	83
21	3	26	9	47	44	16.3	66.0	83
21	3	26	9	47	45	16.3	66.0	89
21	3	26	9	47	46	16.4	66.0	94
21	3	26	9	47	47	16.4	66.0	97
21	3	26	9	47	48	16.3	66.0	97
21	3	26	9	47	49	16.3	66.0	97
21	3	26	9	47	50	16.3	66.0	97
21	3	26	9	47	51	16.4	66.0	97
21	3	26	9	47	52	16.4	66.0	97
21	3	26	9	47	53	16.3	66.0	97
21	3	26	9	47	54	16.3	66.0	97
21	3	26	9	47	55	16.3	66.0	97
21	3	26	9	47	56	16.3	66.0	97
21	3	26	9	47	57	16.3	66.0	83
21	3	26	9	47	58	16.3	66.0	80
21	3	26	9	47	59	16.3	66.0	78
21	3	26	9	48	0	16.3	66.0	78
21	3	26	9	48	1	16.3	66.0	77
21	3	26	9	48	2	16.3	66.0	77
21	3	26	9	48	3	16.3	66.0	76
21	3	26	9	48	4	16.3	66.0	76
21	3	26	9	48	5	16.3	66.0	75
21	3	26	9	48	6	16.3	66.0	74
21	3	26	9	48	7	16.3	66.0	74
21	3	26	9	48	8	16.3	66.0	73
21	3	26	9	48	9	16.3	66.0	73
21	3	26	9	48	10	16.3	66.0	73
21	3	26	9	48	11	16.3	66.0	73
21	3	26	9	48	12	16.3	66.0	73
21	3	26	9	48	13	16.3	66.0	72
21	3	26	9	48	14	16.3	66.0	72
21	3	26	9	48	15	16.3	66.0	72
21	3	26	9	48	16	16.3	66.0	71
21	3	26	9	48	17	16.3	66.0	71
21	3	26	9	48	18	16.3	66.0	70
21	3	26	9	48	19	16.3	66.0	70
21	3	26	9	48	20	16.4	66.0	70
21	3	26	9	48	21	16.4	66.0	70
21	3	26	9	48	22	16.3	66.0	70
21	3	26	9	48	23	16.3	66.0	70
21	3	26	9	48	24	16.3	66.0	69
21	3	26	9	48	25	16.3	66.0	69
21	3	26	9	48	26	16.3	66.0	69
21	3	26	9	48	27	16.3	66.0	69
21	3	26	9	48	28	16.3	66.0	68
21	3	26	9	48	29	16.3	66.0	66
21	3	26	9	48	30	16.3	66.0	67
21	3	26	9	48	31	16.3	66.0	67
21	3	26	9	48	32	16.3	66.0	69
21	3	26	9	48	33	16.3	66.0	70
21	3	26	9	48	34	16.3	66.0	70
21	3	26	9	48	35	16.3	66.0	70
21	3	26	9	48	36	16.3	66.0	70
21	3	26	9	48	37	16.3	66.0	70
21	3	26	9	48	38	16.4	66.0	70
21	3	26	9	48	39	16.4	66.0	70
21	3	26	9	48	40	16.4	66.0	71
21	3	26	9	48	41	16.3	66.0	71
21	3	26	9	48	42	16.3	66.0	71
21	3	26	9	48	43	16.3	66.0	72
21	3	26	9	48	44	16.3	66.0	72
21	3	26	9	48	45	16.3	66.0	73
21	3	26	9	48	46	16.3	66.0	73
21	3	26	9	48	47	16.3	66.0	75
21	3	26	9	48	48	16.3	66.0	76
21	3	26	9	48	49	16.3	66.0	77
21	3	26	9	48	50	16.3	66.0	77
21	3	26	9	48	51	16.3	66.0	81
21	3	26	9	48	52	16.3	66.0	82
21	3	26	9	48	53	16.3	66.0	81
21	3	26	9	48	54	16.4	66.0	78
21	3	26	9	48	55	16.4	66.0	76
21	3	26	9	48	56	16.3	66.0	75
21	3	26	9	48	57	16.3	66.0	75
21	3	26	9	48	58	16.3	66.0	75
21	3	26	9	48	59	16.3	66.0	76
21	3	26	9	49	0	16.3	66.0	76
21	3	26	9	49	1	16.3	66.0	76
21	3	26	9	49	2	16.3	66.0	75
21	3	26	9	49	3	16.3	66.0	75
21	3	26	9	49	4	16.3	66.0	75
21	3	26	9	49	5	16.3	66.0	75
21	3	26	9	49	6	16.3	66.0	75
21	3	26	9	49	7	16.3	66.0	75
21	3	26	9	49	8	16.3	66.0	75
21	3	26	9	49	9	16.3	66.0	76
21	3	26	9	49	10	16.3	66.0	76
21	3	26	9	49	11	16.3	66.0	78
21	3	26	9	49	12	16.3	66.0	79
21	3	26	9	49	13	16.3	66.0	79
21	3	26	9	49	14	16.3	66.0	80
21	3	26	9	49	15	16.3	66.0	79
21	3	26	9	49	16	16.3	66.0	79
21	3	26	9	49	17	16.3	66.0	79
21	3	26	9	49	18	16.3	66.0	80
21	3	26	9	49	19	16.3	66.0	82
21	3	26	9	49	20	16.3	66.0	83
21	3	26	9	49	21	16.3	66.0	85
21	3	26	9	49	22	16.3	66.0	87
21	3	26	9	49	23	16.3	66.0	88
21	3	26	9	49	24	16.3	66.0	90
21	3	26	9	49	25	16.3	66.0	91
21	3	26	9	49	26	16.3	66.0	92
21	3	26	9	49	27	16.3	66.0	97
21	3	26	9	49	28	16.3	66.0	97
21	3	26	9	49	29	16.3	66.0	97
21	3	26	9	49	30	16.3	66.0	97
21	3	26	9	49	31	16.3	66.0	97
21	3	26	9	49	32	16.3	66.0	97
21	3	26	9	49	33	16.3	66.0	90
21	3	26	9	49	34	16.3	66.0	89
21	3	26	9	49	35	16.3	66.0	88
21	3	26	9	49	36	16.3	66.0	88
21	3	26	9	49	37	16.3	66.0	89
21	3	26	9	49	38	16.3	66.0	89
21	3	26	9	49	39	16.3	66.0	90
21	3	26	9	49	40	16.3	66.0	93
21	3	26	9	49	41	16.3	66.0	97
21	3	26	9	49	42	16.3	66.0	97
21	3	26	9	49	43	16.3	66.0	97
21	3	26	9	49	44	16.3	66.0	97
21	3	26	9	49	45	16.3	66.0	97
21	3	26	9	49	46	16.3	66.0	97
21	3	26	9	49	47	16.3	66.0	97
21	3	26	9	49	48	16.3	66.0	97
21	3	26	9	49	49	16.3	66.0	97
21	3	26	9	49	50	16.3	66.0	97
21	3	26	9	49	51	16.3	66.0	97
21	3	26	9	49	52	16.3	66.0	97
21	3	26	9	49	53	16.3	66.0	97
21	3	26	9	49	54	16.3	66.0	97
21	3	26	9	49	55	16.3	66.0	97
21	3	26	9	49	56	16.3	66.0	97
21	3	26	9	49	57	16.3	66.0	97
21	3	26	9	49	58	16.3	66.0	97
21	3	26	9	49	59	16.3	66.0	97
21	3	26	9	50	0	16.3	66.0	97
21	3	26	9	50	1	16.3	66.0	97
21	3	26	9	50	2	16.3	66.0	97
21	3	26	9	50	3	16.3	66.0	97
21	3	26	9	50	4	16.3	66.0	97
21	3	26	9	50	5	16.3	66.0	97
21	3	26	9	50	6	16.3	66.0	97
21	3	26	9	50	7	16.3	66.0	97
21	3	26	9	50	8	16.3	66.0	91
21	3	26	9	50	9	16.3	66.0	84
21	3	26	9	50	10	16.3	66.0	82
21	3	26	9	50	11	16.3	66.0	82
21	3	26	9	50	12	16.3	66.0	84
21	3	26	9	50	13	16.3	66.0	82
21	3	26	9	50	14	16.3	66.0	81
21	3	26	9	50	15	16.3	66.0	78
21	3	26	9	50	16	16.3	66.0	78
21	3	26	9	50	17	16.3	66.0	78
21	3	26	9	50	18	16.3	66.0	76
21	3	26	9	50	19	16.3	66.0	75
21	3	26	9	50	20	16.3	66.0	75
21	3	26	9	50	21	16.3	66.0	76
21	3	26	9	50	22	16.3	66.0	75
21	3	26	9	50	23	16.3	66.0	75
21	3	26	9	50	24	16.3	66.0	75
21	3	26	9	50	25	16.3	66.0	76
21	3	26	9	50	26	16.3	66.0	77
21	3	26	9	50	27	16.3	66.0	77
21	3	26	9	50	28	16.3	66.0	77
21	3	26	9	50	29	16.3	66.0	76
21	3	26	9	50	30	16.3	66.0	76
21	3	26	9	50	31	16.3	66.0	76
21	3	26	9	50	32	16.3	66.0	75
21	3	26	9	50	33	16.3	66.0	76
21	3	26	9	50	34	16.3	66.0	75
21	3	26	9	50	35	16.3	66.0	76
21	3	26	9	50	36	16.3	66.0	76
21	3	26	9	50	37	16.3	66.0	76
21	3	26	9	50	38	16.3	66.0	76
21	3	26	9	50	39	16.3	66.0	76
21	3	26	9	50	40	16.3	66.0	76
21	3	26	9	50	41	16.3	66.0	75
21	3	26	9	50	42	16.3	66.0	76
21	3	26	9	50	43	16.3	66.0	77
21	3	26	9	50	44	16.3	66.0	78
21	3	26	9	50	45	16.3	66.0	78
21	3	26	9	50	46	16.3	66.0	78
21	3	26	9	50	47	16.3	66.0	77
21	3	26	9	50	48	16.3	66.0	78
21	3	26	9	50	49	16.3	66.0	79
21	3	26	9	50	50	16.3	66.0	80
21	3	26	9	50	51	16.3	66.0	79
21	3	26	9	50	52	16.3	66.0	80
21	3	26	9	50	53	16.3	66.0	82
21	3	26	9	50	54	16.3	66.0	84
21	3	26	9	50	55	16.3	66.0	83
21	3	26	9	50	56	16.3	66.0	83
21	3	26	9	50	57	16.3	66.0	84
21	3	26	9	50	58	16.3	66.0	84
21	3	26	9	50	59	16.3	66.0	85
21	3	26	9	51	0	16.3	66.0	86
21	3	26	9	51	1	16.3	66.0	86
21	3	26	9	51	2	16.3	66.0	86
21	3	26	9	51	3	16.3	66.0	85
21	3	26	9	51	4	16.3	66.0	84
21	3	26	9	51	5	16.3	66.0	84
21	3	26	9	51	6	16.3	66.0	85
21	3	26	9	51	7	16.3	66.0	83
21	3	26	9	51	8	16.3	66.0	85
21	3	26	9	51	9	16.3	66.0	81
21	3	26	9	51	10	16.3	66.0	81
21	3	26	9	51	11	16.3	66.0	81
21	3	26	9	51	12	16.3	66.0	81
21	3	26	9	51	13	16.3	66.0	82
21	3	26	9	51	14	16.3	66.0	79
21	3	26	9	51	15	16.3	66.0	79
21	3	26	9	51	16	16.3	66.0	81
21	3	26	9	51	17	16.3	66.0	81
21	3	26	9	51	18	16.3	66.0	80
21	3	26	9	51	19	16.3	66.0	80
21	3	26	9	51	20	16.3	66.0	79
21	3	26	9	51	21	16.3	66.0	80
21	3	26	9	51	22	16.3	66.0	80
21	3	26	9	51	23	16.3	66.0	80
21	3	26	9	51	24	16.3	66.0	78
21	3	26	9	51	25	16.3	66.0	78
21	3	26	9	51	26	16.3	66.0	78
21	3	26	9	51	27	16.3	66.0	79
21	3	26	9	51	28	16.3	66.0	79
21	3	26	9	51	29	16.3	66.0	80
21	3	26	9	51	30	16.3	66.0	79
21	3	26	9	51	31	16.3	66.0	77
21	3	26	9	51	32	16.3	66.0	78
21	3	26	9	51	33	16.3	66.0	81
21	3	26	9	51	34	16.3	66.0	79
21	3	26	9	51	35	16.3	66.0	80
21	3	26	9	51	36	16.3	66.0	81
21	3	26	9	51	37	16.3	66.0	81
21	3	26	9	51	38	16.3	66.0	82
21	3	26	9	51	39	16.3	66.0	81
21	3	26	9	51	40	16.3	66.0	81
21	3	26	9	51	41	16.3	66.0	80
21	3	26	9	51	42	16.3	66.0	79
21	3	26	9	51	43	16.3	66.0	79
21	3	26	9	51	44	16.3	66.0	79
21	3	26	9	51	45	16.3	66.0	79
21	3	26	9	51	46	16.3	66.0	78
21	3	26	9	51	47	16.3	66.0	78
21	3	26	9	51	48	16.3	66.0	77
21	3	26	9	51	49	16.3	66.0	77
21	3	26	9	51	50	16.3	66.0	77
21	3	26	9	51	51	16.3	66.0	77
21	3	26	9	51	52	16.3	66.0	77
21	3	26	9	51	53	16.3	66.0	77
21	3	26	9	51	54	16.3	66.0	76
21	3	26	9	51	55	16.3	66.0	77
21	3	26	9	51	56	16.3	66.0	78
21	3	26	9	51	57	16.3	66.0	78
21	3	26	9	51	58	16.3	66.0	78
21	3	26	9	51	59	16.3	66.0	78
21	3	26	9	52	0	16.2	66.0	76
21	3	26	9	52	1	16.2	66.0	76
21	3	26	9	52	2	16.2	66.0	76
21	3	26	9	52	3	16.3	66.0	75
21	3	26	9	52	4	16.3	66.0	38
21	3	26	9	52	5	16.2	66.0	38
21	3	26	9	52	6	16.2	66.0	39
21	3	26	9	52	7	16.3	66.0	39
21	3	26	9	52	8	16.3	66.0	39
21	3	26	9	52	9	16.3	66.0	38
21	3	26	9	52	10	16.3	66.0	38
21	3	26	9	52	11	16.3	66.0	38
21	3	26	9	52	12	16.3	66.0	38
21	3	26	9	52	13	16.3	66.0	38
21	3	26	9	52	14	16.2	66.0	38
21	3	26	9	52	15	16.2	66.0	38
21	3	26	9	52	16	16.3	66.0	39
21	3	26	9	52	17	16.3	66.0	39
21	3	26	9	52	18	16.3	66.0	39
21	3	26	9	52	19	16.3	66.0	40
21	3	26	9	52	20	16.3	66.0	50
21	3	26	9	52	21	16.3	66.0	48
21	3	26	9	52	22	16.3	66.0	48
21	3	26	9	52	23	16.3	66.0	45
21	3	26	9	52	24	16.3	66.0	40
21	3	26	9	52	25	16.2	66.0	44
21	3	26	9	52	26	16.2	66.0	45
21	3	26	9	52	27	16.2	66.0	44
21	3	26	9	52	28	16.3	66.0	43
21	3	26	9	52	29	16.3	66.0	42
21	3	26	9	52	30	16.2	66.0	43
21	3	26	9	52	31	16.2	66.0	41
21	3	26	9	52	32	16.3	66.0	41
21	3	26	9	52	33	16.3	66.0	41
21	3	26	9	52	34	16.2	66.0	41
21	3	26	9	52	35	16.2	66.0	42
21	3	26	9	52	36	16.3	66.0	44
21	3	26	9	52	37	16.3	66.0	47
21	3	26	9	52	38	16.2	66.0	50
21	3	26	9	52	39	16.2	66.0	50
21	3	26	9	52	40	16.2	66.0	50
21	3	26	9	52	41	16.3	66.0	50
21	3	26	9	52	42	16.3	66.0	50
21	3	26	9	52	43	16.3	66.0	50
21	3	26	9	52	44	16.3	66.0	50
21	3	26	9	52	45	16.2	66.0	45
21	3	26	9	52	46	16.2	66.0	44
21	3	26	9	52	47	16.2	66.0	44
21	3	26	9	52	48	16.3	66.0	48
21	3	26	9	52	49	16.3	66.0	46
21	3	26	9	52	50	16.3	66.0	46
21	3	26	9	52	51	16.3	66.0	48
21	3	26	9	52	52	16.2	66.0	48
21	3	26	9	52	53	16.2	66.0	47
21	3	26	9	52	54	16.2	66.0	52
21	3	26	9	52	55	16.2	66.0	50
21	3	26	9	52	56	16.2	66.0	40
21	3	26	9	52	57	16.3	66.0	39
21	3	26	9	52	58	16.3	66.0	39
21	3	26	9	52	59	16.2	66.0	39
21	3	26	9	53	0	16.2	66.0	35
21	3	26	9	53	1	16.2	66.0	41
21	3	26	9	53	2	16.2	66.0	41
21	3	26	9	53	3	16.3	66.0	41
21	3	26	9	53	4	16.3	66.0	41
21	3	26	9	53	5	16.3	66.0	41
21	3	26	9	53	6	16.3	66.0	41
21	3	26	9	53	7	16.3	66.0	39
21	3	26	9	53	8	16.3	66.0	39
21	3	26	9	53	9	16.3	66.0	46
21	3	26	9	53	10	16.2	66.0	44
21	3	26	9	53	11	16.2	66.0	43
21	3	26	9	53	12	16.2	66.0	44
21	3	26	9	53	13	16.3	66.0	53
21	3	26	9	53	14	16.3	66.0	42
21	3	26	9	53	15	16.2	66.0	40
21	3	26	9	53	16	16.2	66.0	41
21	3	26	9	53	17	16.2	66.0	41
21	3	26	9	53	18	16.2	66.0	41
21	3	26	9	53	19	16.2	66.0	41
21	3	26	9	53	20	16.2	66.0	43
21	3	26	9	53	21	16.2	66.0	43
21	3	26	9	53	22	16.2	66.0	42
21	3	26	9	53	23	16.2	66.0	45
21	3	26	9	53	24	16.3	66.0	45
21	3	26	9	53	25	16.3	66.0	45
21	3	26	9	53	26	16.2	66.0	45
21	3	26	9	53	27	16.2	66.0	45
21	3	26	9	53	28	16.2	66.0	44
21	3	26	9	53	29	16.2	66.0	45
21	3	26	9	53	30	16.2	66.0	51
21	3	26	9	53	31	16.2	66.0	47
21	3	26	9	53	32	16.2	66.0	49
21	3	26	9	53	33	16.2	66.0	49
21	3	26	9	53	34	16.2	66.0	51
21	3	26	9	53	35	16.3	66.0	47
21	3	26	9	53	36	16.3	66.0	50
21	3	26	9	53	37	16.3	66.0	51
21	3	26	9	53	38	16.2	66.0	48
21	3	26	9	53	39	16.2	66.0	48
21	3	26	9	53	40	16.2	66.0	49
21	3	26	9	53	41	16.2	66.0	50
21	3	26	9	53	42	16.3	66.0	54
21	3	26	9	53	43	16.3	66.0	53
21	3	26	9	53	44	16.3	66.0	51
21	3	26	9	53	45	16.3	66.0	54
21	3	26	9	53	46	16.3	66.0	54
21	3	26	9	53	47	16.3	66.0	49
21	3	26	9	53	48	16.3	66.0	48
21	3	26	9	53	49	16.3	66.0	48
21	3	26	9	53	50	16.3	66.0	48
21	3	26	9	53	51	16.2	66.0	49
21	3	26	9	53	52	16.2	66.0	49
21	3	26	9	53	53	16.2	66.0	49
21	3	26	9	53	54	16.2	66.0	49
21	3	26	9	53	55	16.2	66.0	50
21	3	26	9	53	56	16.2	66.0	51
21	3	26	9	53	57	16.2	66.0	53
21	3	26	9	53	58	16.3	66.0	54
21	3	26	9	53	59	16.3	66.0	48
21	3	26	9	54	0	16.2	66.0	50
21	3	26	9	54	1	16.2	66.0	51
21	3	26	9	54	2	16.2	66.0	51
21	3	26	9	54	3	16.2	66.0	49
21	3	26	9	54	4	16.2	66.0	49
21	3	26	9	54	5	16.2	66.0	49
21	3	26	9	54	6	16.2	66.0	50
21	3	26	9	54	7	16.3	66.0	51
21	3	26	9	54	8	16.3	66.0	50
21	3	26	9	54	9	16.3	66.0	50
21	3	26	9	54	10	16.3	66.0	51
21	3	26	9	54	11	16.3	66.0	51
21	3	26	9	54	12	16.2	66.0	51
21	3	26	9	54	13	16.2	66.0	52
21	3	26	9	54	14	16.2	66.0	51
21	3	26	9	54	15	16.2	66.0	52
21	3	26	9	54	16	16.2	66.0	52
21	3	26	9	54	17	16.2	66.0	52
21	3	26	9	54	18	16.2	66.0	52
21	3	26	9	54	19	16.2	66.0	51
21	3	26	9	54	20	16.2	66.0	51
21	3	26	9	54	21	16.2	66.0	50
21	3	26	9	54	22	16.2	66.0	51
21	3	26	9	54	23	16.2	66.0	51
21	3	26	9	54	24	16.2	66.0	51
21	3	26	9	54	25	16.2	66.0	51
21	3	26	9	54	26	16.2	66.0	51
21	3	26	9	54	27	16.2	66.0	51
21	3	26	9	54	28	16.2	66.0	51
21	3	26	9	54	29	16.3	66.0	52
21	3	26	9	54	30	16.3	66.0	52
21	3	26	9	54	31	16.3	66.0	56
21	3	26	9	54	32	16.2	66.0	55
21	3	26	9	54	33	16.2	66.0	55
21	3	26	9	54	34	16.2	66.0	55
21	3	26	9	54	35	16.2	66.0	55
21	3	26	9	54	36	16.3	66.0	56
21	3	26	9	54	37	16.3	66.0	55
21	3	26	9	54	38	16.3	66.0	54
21	3	26	9	54	39	16.2	66.0	53
21	3	26	9	54	40	16.2	66.0	53
21	3	26	9	54	41	16.2	66.0	53
21	3	26	9	54	42	16.2	66.0	53
21	3	26	9	54	43	16.2	66.0	53
21	3	26	9	54	44	16.2	66.0	53
21	3	26	9	54	45	16.2	66.0	53
21	3	26	9	54	46	16.2	66.0	53
21	3	26	9	54	47	16.2	66.0	53
21	3	26	9	54	48	16.2	66.0	53
21	3	26	9	54	49	16.2	66.0	52
21	3	26	9	54	50	16.2	66.0	52
21	3	26	9	54	51	16.2	66.0	52
21	3	26	9	54	52	16.2	66.0	52
21	3	26	9	54	53	16.2	66.0	51
21	3	26	9	54	54	16.2	66.0	51
21	3	26	9	54	55	16.2	66.0	51
21	3	26	9	54	56	16.2	66.0	51
21	3	26	9	54	57	16.2	66.0	50
21	3	26	9	54	58	16.2	66.0	50
21	3	26	9	54	59	16.2	66.0	52
21	3	26	9	55	0	16.2	66.0	51
21	3	26	9	55	1	16.2	66.0	50
21	3	26	9	55	2	16.2	66.0	50
21	3	26	9	55	3	16.2	66.0	50
21	3	26	9	55	4	16.2	66.0	50
21	3	26	9	55	5	16.2	66.0	48
21	3	26	9	55	6	16.2	66.0	49
21	3	26	9	55	7	16.2	66.0	49
21	3	26	9	55	8	16.2	66.0	49
21	3	26	9	55	9	16.2	66.0	49
21	3	26	9	55	10	16.2	66.0	49
21	3	26	9	55	11	16.2	66.0	48
21	3	26	9	55	12	16.2	66.0	49
21	3	26	9	55	13	16.2	66.0	50
21	3	26	9	55	14	16.2	66.0	50
21	3	26	9	55	15	16.2	67.0	50
21	3	26	9	55	16	16.2	67.0	50
21	3	26	9	55	17	16.2	67.0	50
21	3	26	9	55	18	16.2	67.0	50
21	3	26	9	55	19	16.2	67.0	51
21	3	26	9	55	20	16.2	67.0	51
21	3	26	9	55	21	16.2	67.0	51
21	3	26	9	55	22	16.3	67.0	51
21	3	26	9	55	23	16.3	67.0	52
21	3	26	9	55	24	16.2	67.0	53
21	3	26	9	55	25	16.2	67.0	52
21	3	26	9	55	26	16.2	67.0	52
21	3	26	9	55	27	16.2	67.0	53
21	3	26	9	55	28	16.2	67.0	53
21	3	26	9	55	29	16.2	67.0	53
21	3	26	9	55	30	16.2	67.0	53
21	3	26	9	55	31	16.2	67.0	53
21	3	26	9	55	32	16.2	67.0	53
21	3	26	9	55	33	16.2	67.0	53
21	3	26	9	55	34	16.2	67.0	53
21	3	26	9	55	35	16.2	67.0	53
21	3	26	9	55	36	16.2	67.0	55
21	3	26	9	55	37	16.2	67.0	56
21	3	26	9	55	38	16.2	67.0	54
21	3	26	9	55	39	16.2	67.0	54
21	3	26	9	55	40	16.2	67.0	53
21	3	26	9	55	41	16.2	67.0	52
21	3	26	9	55	42	16.2	67.0	51
21	3	26	9	55	43	16.2	67.0	51
21	3	26	9	55	44	16.2	67.0	50
21	3	26	9	55	45	16.2	67.0	51
21	3	26	9	55	46	16.2	66.0	50
21	3	26	9	55	47	16.2	66.0	49
21	3	26	9	55	48	16.2	66.0	49
21	3	26	9	55	49	16.2	67.0	49
21	3	26	9	55	50	16.2	67.0	48
21	3	26	9	55	51	16.2	67.0	50
21	3	26	9	55	52	16.2	67.0	50
21	3	26	9	55	53	16.2	67.0	50
21	3	26	9	55	54	16.2	67.0	50
21	3	26	9	55	55	16.2	67.0	51
21	3	26	9	55	56	16.2	67.0	51
21	3	26	9	55	57	16.2	67.0	51
21	3	26	9	55	58	16.2	67.0	50
21	3	26	9	55	59	16.2	67.0	50
21	3	26	9	56	0	16.2	67.0	50
21	3	26	9	56	1	16.2	67.0	48
21	3	26	9	56	2	16.2	67.0	45
21	3	26	9	56	3	16.2	67.0	46
21	3	26	9	56	4	16.2	67.0	50
21	3	26	9	56	5	16.2	66.0	66
21	3	26	9	56	6	16.2	66.0	69
21	3	26	9	56	7	16.2	66.0	70
21	3	26	9	56	8	16.2	66.0	73
21	3	26	9	56	9	16.2	66.0	73
21	3	26	9	56	10	16.2	66.0	73
21	3	26	9	56	11	16.2	66.0	70
21	3	26	9	56	12	16.2	66.0	74
21	3	26	9	56	13	16.2	66.0	72
21	3	26	9	56	14	16.2	66.0	71
21	3	26	9	56	15	16.2	66.0	71
21	3	26	9	56	16	16.2	66.0	70
21	3	26	9	56	17	16.2	66.0	73
21	3	26	9	56	18	16.2	66.0	73
21	3	26	9	56	19	16.2	66.0	73
21	3	26	9	56	20	16.2	66.0	76
21	3	26	9	56	21	16.2	66.0	75
21	3	26	9	56	22	16.2	66.0	84
21	3	26	9	56	23	16.3	66.0	83
21	3	26	9	56	24	16.3	66.0	78
21	3	26	9	56	25	16.2	66.0	73
21	3	26	9	56	26	16.2	66.0	57
21	3	26	9	56	27	16.3	67.0	60
21	3	26	9	56	28	16.3	67.0	56
21	3	26	9	56	29	16.3	67.0	52
21	3	26	9	56	30	16.3	67.0	39
21	3	26	9	56	31	16.3	67.0	75
21	3	26	9	56	32	16.3	66.0	76
21	3	26	9	56	33	16.3	66.0	75
21	3	26	9	56	34	16.3	66.0	53
21	3	26	9	56	35	16.3	66.0	75
21	3	26	9	56	36	16.3	66.0	75
21	3	26	9	56	37	16.3	66.0	74
21	3	26	9	56	38	16.3	66.0	57
21	3	26	9	56	39	16.3	66.0	51
21	3	26	9	56	40	16.3	66.0	52
21	3	26	9	56	41	16.3	66.0	52
21	3	26	9	56	42	16.3	66.0	53
21	3	26	9	56	43	16.3	66.0	51
21	3	26	9	56	44	16.3	66.0	51
21	3	26	9	56	45	16.3	66.0	52
21	3	26	9	56	46	16.3	66.0	51
21	3	26	9	56	47	16.3	66.0	48
21	3	26	9	56	48	16.3	66.0	48
21	3	26	9	56	49	16.3	66.0	48
21	3	26	9	56	50	16.3	66.0	49
21	3	26	9	56	51	16.3	66.0	51
21	3	26	9	56	52	16.3	66.0	55
21	3	26	9	56	53	16.3	66.0	56
21	3	26	9	56	54	16.3	66.0	56
21	3	26	9	56	55	16.3	66.0	56
21	3	26	9	56	56	16.3	66.0	56
21	3	26	9	56	57	16.3	66.0	57
21	3	26	9	56	58	16.3	66.0	56
21	3	26	9	56	59	16.3	66.0	57
21	3	26	9	57	0	16.3	66.0	56
21	3	26	9	57	1	16.3	66.0	57
21	3	26	9	57	2	16.3	66.0	57
21	3	26	9	57	3	16.3	66.0	57
21	3	26	9	57	4	16.3	66.0	58
21	3	26	9	57	5	16.3	66.0	57
21	3	26	9	57	6	16.3	66.0	57
21	3	26	9	57	7	16.3	66.0	58
21	3	26	9	57	8	16.3	66.0	57
21	3	26	9	57	9	16.3	66.0	57
21	3	26	9	57	10	16.3	66.0	57
21	3	26	9	57	11	16.3	66.0	57
21	3	26	9	57	12	16.3	66.0	57
21	3	26	9	57	13	16.3	66.0	57
21	3	26	9	57	14	16.3	66.0	57
21	3	26	9	57	15	16.3	66.0	59
21	3	26	9	57	16	16.3	66.0	58
21	3	26	9	57	17	16.3	66.0	59
21	3	26	9	57	18	16.3	66.0	58
21	3	26	9	57	19	16.3	66.0	59
21	3	26	9	57	20	16.3	66.0	60
21	3	26	9	57	21	16.3	66.0	62
21	3	26	9	57	22	16.3	66.0	68
21	3	26	9	57	23	16.3	66.0	67
21	3	26	9	57	24	16.3	66.0	69
21	3	26	9	57	25	16.3	66.0	66
21	3	26	9	57	26	16.3	66.0	68
21	3	26	9	57	27	16.3	66.0	70
21	3	26	9	57	28	16.3	66.0	70
21	3	26	9	57	29	16.3	66.0	64
21	3	26	9	57	30	16.3	66.0	59
21	3	26	9	57	31	16.3	66.0	59
21	3	26	9	57	32	16.3	66.0	59
21	3	26	9	57	33	16.3	66.0	58
21	3	26	9	57	34	16.3	66.0	57
21	3	26	9	57	35	16.3	66.0	57
21	3	26	9	57	36	16.3	66.0	57
21	3	26	9	57	37	16.3	66.0	56
21	3	26	9	57	38	16.3	66.0	56
21	3	26	9	57	39	16.3	66.0	56
21	3	26	9	57	40	16.3	66.0	56
21	3	26	9	57	41	16.3	66.0	56
21	3	26	9	57	42	16.3	66.0	55
21	3	26	9	57	43	16.3	66.0	55
21	3	26	9	57	44	16.3	66.0	55
21	3	26	9	57	45	16.3	66.0	54
21	3	26	9	57	46	16.3	66.0	54
21	3	26	9	57	47	16.3	66.0	56
21	3	26	9	57	48	16.3	66.0	50
21	3	26	9	57	49	16.3	66.0	49
21	3	26	9	57	50	16.3	66.0	49
21	3	26	9	57	51	16.3	66.0	49
21	3	26	9	57	52	16.3	66.0	50
21	3	26	9	57	53	16.3	66.0	50
21	3	26	9	57	54	16.3	66.0	53
21	3	26	9	57	55	16.3	66.0	51
21	3	26	9	57	56	16.3	66.0	52
21	3	26	9	57	57	16.3	66.0	52
21	3	26	9	57	58	16.3	66.0	52
21	3	26	9	57	59	16.3	66.0	50
21	3	26	9	58	0	16.3	66.0	49
21	3	26	9	58	1	16.3	66.0	49
21	3	26	9	58	2	16.3	66.0	48
21	3	26	9	58	3	16.3	66.0	48
21	3	26	9	58	4	16.3	66.0	48
21	3	26	9	58	5	16.3	66.0	47
21	3	26	9	58	6	16.3	66.0	47
21	3	26	9	58	7	16.3	66.0	47
21	3	26	9	58	8	16.3	66.0	47
21	3	26	9	58	9	16.3	66.0	48
21	3	26	9	58	10	16.3	66.0	48
21	3	26	9	58	11	16.3	66.0	49
21	3	26	9	58	12	16.3	66.0	52
21	3	26	9	58	13	16.3	66.0	55
21	3	26	9	58	14	16.2	66.0	54
21	3	26	9	58	15	16.2	66.0	53
21	3	26	9	58	16	16.3	66.0	51
21	3	26	9	58	17	16.3	66.0	48
21	3	26	9	58	18	16.3	66.0	47
21	3	26	9	58	19	16.2	66.0	47
21	3	26	9	58	20	16.2	66.0	47
21	3	26	9	58	21	16.2	66.0	47
21	3	26	9	58	22	16.2	66.0	46
21	3	26	9	58	23	16.3	66.0	45
21	3	26	9	58	24	16.3	66.0	45
21	3	26	9	58	25	16.2	66.0	44
21	3	26	9	58	26	16.2	66.0	42
21	3	26	9	58	27	16.2	66.0	41
21	3	26	9	58	28	16.2	66.0	43
21	3	26	9	58	29	16.2	66.0	40
21	3	26	9	58	30	16.2	66.0	40
21	3	26	9	58	31	16.2	66.0	39
21	3	26	9	58	32	16.3	66.0	34
21	3	26	9	58	33	16.3	66.0	35
21	3	26	9	58	34	16.3	66.0	35
21	3	26	9	58	35	16.2	66.0	35
21	3	26	9	58	36	16.2	66.0	35
21	3	26	9	58	37	16.2	66.0	35
21	3	26	9	58	38	16.2	66.0	35
21	3	26	9	58	39	16.2	66.0	35
21	3	26	9	58	40	16.2	66.0	34
21	3	26	9	58	41	16.2	66.0	34
21	3	26	9	58	42	16.2	66.0	34
21	3	26	9	58	43	16.2	66.0	34
21	3	26	9	58	44	16.2	66.0	34
21	3	26	9	58	45	16.2	66.0	34
21	3	26	9	58	46	16.2	66.0	34
21	3	26	9	58	47	16.2	66.0	34
21	3	26	9	58	48	16.2	66.0	35
21	3	26	9	58	49	16.2	66.0	35
21	3	26	9	58	50	16.2	66.0	35
21	3	26	9	58	51	16.2	66.0	35
21	3	26	9	58	52	16.2	66.0	35
21	3	26	9	58	53	16.2	66.0	35
21	3	26	9	58	54	16.2	66.0	36
21	3	26	9	58	55	16.2	66.0	38
21	3	26	9	58	56	16.2	66.0	38
21	3	26	9	58	57	16.2	66.0	38
21	3	26	9	58	58	16.2	66.0	39
21	3	26	9	58	59	16.2	66.0	39
21	3	26	9	59	0	16.2	66.0	39
21	3	26	9	59	1	16.2	66.0	39
21	3	26	9	59	2	16.2	66.0	39
21	3	26	9	59	3	16.2	66.0	40
21	3	26	9	59	4	16.2	66.0	40
21	3	26	9	59	5	16.2	66.0	40
21	3	26	9	59	6	16.2	66.0	40
21	3	26	9	59	7	16.2	66.0	40
21	3	26	9	59	8	16.2	66.0	39
21	3	26	9	59	9	16.2	66.0	40
21	3	26	9	59	10	16.2	66.0	40
21	3	26	9	59	11	16.2	66.0	40
21	3	26	9	59	12	16.2	66.0	40
21	3	26	9	59	13	16.2	66.0	56
21	3	26	9	59	14	16.2	66.0	56
21	3	26	9	59	15	16.2	66.0	57
21	3	26	9	59	16	16.2	66.0	59
21	3	26	9	59	17	16.2	66.0	60
21	3	26	9	59	18	16.2	66.0	62
21	3	26	9	59	19	16.2	66.0	65
21	3	26	9	59	20	16.2	66.0	66
21	3	26	9	59	21	16.2	66.0	60
21	3	26	9	59	22	16.2	66.0	84
21	3	26	9	59	23	16.2	66.0	87
21	3	26	9	59	24	16.2	66.0	97
21	3	26	9	59	25	16.2	66.0	97
21	3	26	9	59	26	16.2	66.0	97
21	3	26	9	59	27	16.2	66.0	97
21	3	26	9	59	28	16.2	66.0	97
21	3	26	9	59	29	16.2	66.0	97
21	3	26	9	59	30	16.2	66.0	97
21	3	26	9	59	31	16.2	66.0	97
21	3	26	9	59	32	16.2	66.0	97
21	3	26	9	59	33	16.2	66.0	97
21	3	26	9	59	34	16.2	66.0	97
21	3	26	9	59	35	16.2	66.0	97
21	3	26	9	59	36	16.2	66.0	97
21	3	26	9	59	37	16.2	66.0	97
21	3	26	9	59	38	16.2	66.0	97
21	3	26	9	59	39	16.2	66.0	97
21	3	26	9	59	40	16.2	66.0	94
21	3	26	9	59	41	16.2	66.0	94
21	3	26	9	59	42	16.2	66.0	81
21	3	26	9	59	43	16.2	66.0	50
21	3	26	9	59	44	16.2	66.0	48
21	3	26	9	59	45	16.2	66.0	47
21	3	26	9	59	46	16.2	66.0	47
21	3	26	9	59	47	16.2	66.0	47
21	3	26	9	59	48	16.2	66.0	46
21	3	26	9	59	49	16.2	66.0	44
21	3	26	9	59	50	16.2	66.0	45
21	3	26	9	59	51	16.2	66.0	45
21	3	26	9	59	52	16.2	66.0	44
21	3	26	9	59	53	16.2	66.0	45
21	3	26	9	59	54	16.2	66.0	45
21	3	26	9	59	55	16.2	66.0	44
21	3	26	9	59	56	16.2	66.0	45
21	3	26	9	59	57	16.2	66.0	44
21	3	26	9	59	58	16.2	66.0	45
21	3	26	9	59	59	16.2	66.0	45
21	3	26	10	0	0	16.2	66.0	45
21	3	26	10	0	1	16.2	66.0	46
21	3	26	10	0	2	16.2	66.0	46
21	3	26	10	0	3	16.2	66.0	47
21	3	26	10	0	4	16.2	66.0	47
21	3	26	10	0	5	16.2	66.0	48
21	3	26	10	0	6	16.2	66.0	49
21	3	26	10	0	7	16.2	66.0	50
21	3	26	10	0	8	16.2	66.0	53
21	3	26	10	0	9	16.2	66.0	57
21	3	26	10	0	10	16.2	66.0	62
21	3	26	10	0	11	16.2	66.0	71
21	3	26	10	0	12	16.2	66.0	76
21	3	26	10	0	13	16.2	66.0	83
21	3	26	10	0	14	16.2	66.0	82
21	3	26	10	0	15	16.2	66.0	65
21	3	26	10	0	16	16.2	66.0	63
21	3	26	10	0	17	16.2	66.0	56
21	3	26	10	0	18	16.2	66.0	51
21	3	26	10	0	19	16.2	66.0	50
21	3	26	10	0	20	16.2	66.0	50
21	3	26	10	0	21	16.2	67.0	48
21	3	26	10	0	22	16.2	67.0	48
21	3	26	10	0	23	16.2	67.0	47
21	3	26	10	0	24	16.2	67.0	45
21	3	26	10	0	25	16.2	67.0	43
21	3	26	10	0	26	16.2	67.0	42
21	3	26	10	0	27	16.2	67.0	42
21	3	26	10	0	28	16.2	67.0	43
21	3	26	10	0	29	16.2	67.0	43
21	3	26	10	0	30	16.2	67.0	44
21	3	26	10	0	31	16.2	67.0	46
21	3	26	10	0	32	16.2	67.0	47
21	3	26	10	0	33	16.2	67.0	47
21	3	26	10	0	34	16.2	67.0	49
21	3	26	10	0	35	16.2	67.0	49
21	3	26	10	0	36	16.2	67.0	49
21	3	26	10	0	37	16.2	67.0	48
21	3	26	10	0	38	16.2	67.0	47
21	3	26	10	0	39	16.2	66.0	52
21	3	26	10	0	40	16.2	66.0	50
21	3	26	10	0	41	16.2	66.0	51
21	3	26	10	0	42	16.2	66.0	55
21	3	26	10	0	43	16.2	66.0	61
21	3	26	10	0	44	16.2	66.0	61
21	3	26	10	0	45	16.2	66.0	62
21	3	26	10	0	46	16.2	67.0	97
21	3	26	10	0	47	16.2	67.0	97
21	3	26	10	0	48	16.2	67.0	97
21	3	26	10	0	49	16.2	67.0	97
21	3	26	10	0	50	16.2	67.0	97
21	3	26	10	0	51	16.2	67.0	97
21	3	26	10	0	52	16.2	67.0	97
21	3	26	10	0	53	16.2	67.0	97
21	3	26	10	0	54	16.2	67.0	97
21	3	26	10	0	55	16.2	67.0	97
21	3	26	10	0	56	16.2	67.0	97
21	3	26	10	0	57	16.2	67.0	97
21	3	26	10	0	58	16.2	67.0	97
21	3	26	10	0	59	16.2	67.0	97
21	3	26	10	1	0	16.2	67.0	97
21	3	26	10	1	1	16.2	67.0	97
21	3	26	10	1	2	16.2	67.0	97
21	3	26	10	1	3	16.2	67.0	97
21	3	26	10	1	4	16.2	66.0	97
21	3	26	10	1	5	16.2	66.0	89
21	3	26	10	1	6	16.2	66.0	84
21	3	26	10	1	7	16.2	66.0	84
21	3	26	10	1	8	16.2	66.0	82
21	3	26	10	1	9	16.2	66.0	78
21	3	26	10	1	10	16.2	66.0	81
21	3	26	10	1	11	16.2	66.0	79
21	3	26	10	1	12	16.2	66.0	36
21	3	26	10	1	13	16.2	66.0	38
21	3	26	10	1	14	16.2	66.0	38
