Jour	Mois	Année	Heure	Minute	Seconde	Temp(°C) Hum(%) Lum(%)
28	3	26	1	55	51	0.0	0.0	0
28	3	26	1	55	52	23.5	51.0	3
28	3	26	1	55	53	23.5	51.0	2
28	3	26	1	55	54	23.5	51.0	2
28	3	26	1	55	55	23.5	51.0	1
28	3	26	1	55	56	23.5	51.0	1
28	3	26	1	55	57	23.5	51.0	2
28	3	26	1	55	58	23.5	51.0	3
28	3	26	1	55	59	23.5	51.0	1
28	3	26	1	56	0	23.5	51.0	1
28	3	26	1	56	1	23.5	51.0	3
28	3	26	1	56	2	23.5	51.0	1
28	3	26	1	56	3	23.5	51.0	2
28	3	26	1	56	4	23.5	51.0	2
28	3	26	1	56	5	23.5	51.0	1
28	3	26	1	56	6	23.5	51.0	1
28	3	26	1	56	7	23.5	51.0	2
28	3	26	1	56	8	23.5	51.0	1
28	3	26	1	56	9	23.5	51.0	2
28	3	26	1	56	10	23.5	51.0	2
28	3	26	1	56	11	23.5	51.0	2
28	3	26	1	56	12	23.5	51.0	1
28	3	26	1	56	13	23.5	51.0	3
28	3	26	1	56	14	23.5	51.0	1
28	3	26	1	56	15	23.5	51.0	3
28	3	26	1	56	16	23.5	51.0	3
28	3	26	1	56	17	23.5	51.0	1
28	3	26	1	56	18	23.5	51.0	3
28	3	26	1	56	19	23.5	51.0	3
28	3	26	1	56	20	23.5	51.0	1
28	3	26	1	56	21	23.5	51.0	1
28	3	26	1	56	22	23.5	51.0	2
28	3	26	1	56	23	23.5	51.0	1
28	3	26	1	56	24	23.5	51.0	3
28	3	26	1	56	25	23.5	51.0	2
28	3	26	1	56	26	23.5	51.0	2
28	3	26	1	56	27	23.5	51.0	2
28	3	26	1	56	28	23.5	51.0	1
28	3	26	1	56	29	23.5	51.0	2
28	3	26	1	56	30	23.5	51.0	2
28	3	26	1	56	31	23.5	51.0	2
28	3	26	1	56	32	23.5	51.0	1
28	3	26	1	56	33	23.5	51.0	3
28	3	26	1	56	34	23.5	51.0	3
28	3	26	1	56	35	23.5	51.0	1
28	3	26	1	56	36	23.5	51.0	2
28	3	26	1	56	37	23.5	51.0	3
28	3	26	1	56	38	23.5	51.0	1
28	3	26	1	56	39	23.5	51.0	1
28	3	26	1	56	40	23.5	51.0	1
28	3	26	1	56	41	23.5	51.0	1
28	3	26	1	56	42	23.5	51.0	3
28	3	26	1	56	43	23.5	51.0	2
28	3	26	1	56	44	23.5	52.0	2
28	3	26	1	56	45	23.5	52.0	2
28	3	26	1	56	46	23.5	52.0	2
28	3	26	1	56	47	23.5	52.0	2
28	3	26	1	56	48	23.5	52.0	1
28	3	26	1	56	49	23.5	52.0	2
28	3	26	1	56	50	23.5	52.0	2
28	3	26	1	56	51	23.5	51.0	1
28	3	26	1	56	52	23.5	51.0	3
28	3	26	1	56	53	23.5	51.0	2
28	3	26	1	56	54	23.5	51.0	1
28	3	26	1	56	55	23.5	51.0	1
28	3	26	1	56	56	23.5	51.0	3
28	3	26	1	56	57	23.5	51.0	1
28	3	26	1	56	58	23.5	51.0	3
28	3	26	1	56	59	23.5	51.0	3
28	3	26	1	57	0	23.5	51.0	2
28	3	26	1	57	1	23.5	51.0	1
28	3	26	1	57	2	23.5	51.0	1
28	3	26	1	57	3	23.5	51.0	1
28	3	26	1	57	4	23.6	51.0	1
28	3	26	1	57	5	23.6	51.0	1
28	3	26	1	57	6	23.6	51.0	1
28	3	26	1	57	7	23.6	51.0	2
28	3	26	1	57	8	23.6	51.0	2
28	3	26	1	57	9	23.5	51.0	2
28	3	26	1	57	10	23.5	51.0	2
28	3	26	1	57	11	23.5	51.0	1
28	3	26	1	57	12	23.5	51.0	3
28	3	26	1	57	13	23.6	51.0	2
28	3	26	1	57	14	23.6	51.0	2
28	3	26	1	57	15	23.6	51.0	2
28	3	26	1	57	16	23.6	52.0	2
28	3	26	1	57	17	23.6	52.0	2
28	3	26	1	57	18	23.6	52.0	2
28	3	26	1	57	19	23.6	52.0	1
28	3	26	1	57	20	23.6	52.0	1
28	3	26	1	57	21	23.6	52.0	2
28	3	26	1	57	22	23.6	52.0	1
28	3	26	1	57	23	23.6	52.0	2
28	3	26	1	57	24	23.6	52.0	2
28	3	26	1	57	25	23.5	51.0	1
28	3	26	1	57	26	23.5	51.0	3
28	3	26	1	57	27	23.6	51.0	3
28	3	26	1	57	28	23.6	51.0	2
28	3	26	1	57	29	23.6	52.0	2
28	3	26	1	57	30	23.6	52.0	2
28	3	26	1	57	31	23.6	52.0	1
28	3	26	1	57	32	23.6	52.0	2
28	3	26	1	57	33	23.6	52.0	2
28	3	26	1	57	34	23.6	52.0	2
28	3	26	1	57	35	23.6	52.0	1
28	3	26	1	57	36	23.6	52.0	2
28	3	26	1	57	37	23.6	52.0	2
28	3	26	1	57	38	23.6	52.0	2
28	3	26	1	57	39	23.6	52.0	3
28	3	26	1	57	40	23.6	52.0	2
28	3	26	1	57	41	23.6	52.0	2
28	3	26	1	57	42	23.6	52.0	2
28	3	26	1	57	43	23.6	52.0	1
28	3	26	1	57	44	23.6	52.0	3
28	3	26	1	57	45	23.6	52.0	3
28	3	26	1	57	46	23.6	52.0	1
28	3	26	1	57	47	23.6	52.0	1
28	3	26	1	57	48	23.6	52.0	1
28	3	26	1	57	49	23.6	52.0	1
28	3	26	1	57	50	23.6	51.0	1
28	3	26	1	57	51	23.6	51.0	1
28	3	26	1	57	52	23.6	51.0	3
28	3	26	1	57	53	23.6	51.0	1
28	3	26	1	57	54	23.6	51.0	1
28	3	26	1	57	55	23.6	51.0	3
28	3	26	1	57	56	23.6	51.0	1
28	3	26	1	57	57	23.6	51.0	2
28	3	26	1	57	58	23.6	51.0	2
28	3	26	1	57	59	23.6	51.0	2
28	3	26	1	58	0	23.6	51.0	2
28	3	26	1	58	1	23.6	51.0	3
28	3	26	1	58	2	23.6	51.0	2
28	3	26	1	58	3	23.6	51.0	1
28	3	26	1	58	4	23.6	51.0	2
28	3	26	1	58	5	23.6	51.0	2
28	3	26	1	58	6	23.6	51.0	1
28	3	26	1	58	7	23.6	51.0	1
28	3	26	1	58	8	23.6	51.0	3
28	3	26	1	58	9	23.6	51.0	1
28	3	26	1	58	10	23.6	51.0	1
28	3	26	1	58	11	23.6	51.0	3
28	3	26	1	58	12	23.6	51.0	1
28	3	26	1	58	13	23.6	51.0	2
28	3	26	1	58	14	23.6	51.0	3
28	3	26	1	58	15	23.6	51.0	1
28	3	26	1	58	16	23.6	51.0	1
28	3	26	1	58	17	23.6	51.0	3
28	3	26	1	58	18	23.6	51.0	1
28	3	26	1	58	19	23.6	51.0	2
28	3	26	1	58	20	23.6	51.0	1
28	3	26	1	58	21	23.6	51.0	2
28	3	26	1	58	22	23.6	51.0	3
28	3	26	1	58	23	23.6	51.0	3
28	3	26	1	58	24	23.6	51.0	2
28	3	26	1	58	25	23.6	51.0	2
28	3	26	1	58	26	23.6	51.0	1
28	3	26	1	58	27	23.6	51.0	3
28	3	26	1	58	28	23.6	51.0	2
28	3	26	1	58	29	23.6	51.0	1
28	3	26	1	58	30	23.6	51.0	3
28	3	26	1	58	31	23.6	51.0	1
28	3	26	1	58	32	23.6	51.0	1
28	3	26	1	58	33	23.6	51.0	3
28	3	26	1	58	34	23.6	51.0	1
28	3	26	1	58	35	23.6	51.0	3
28	3	26	1	58	36	23.6	51.0	1
28	3	26	1	58	37	23.6	51.0	1
28	3	26	1	58	38	23.6	51.0	1
28	3	26	1	58	39	23.6	51.0	3
28	3	26	1	58	40	23.6	51.0	1
28	3	26	1	58	41	23.6	51.0	1
28	3	26	1	58	42	23.6	51.0	2
28	3	26	1	58	43	23.6	51.0	2
28	3	26	1	58	44	23.6	52.0	3
28	3	26	1	58	45	23.6	52.0	2
28	3	26	1	58	46	23.6	52.0	2
28	3	26	1	58	47	23.6	52.0	3
28	3	26	1	58	48	23.6	52.0	3
28	3	26	1	58	49	23.6	52.0	1
28	3	26	1	58	50	23.6	52.0	2
28	3	26	1	58	51	23.6	51.0	1
28	3	26	1	58	52	23.6	51.0	3
28	3	26	1	58	53	23.6	51.0	3
28	3	26	1	58	54	23.6	51.0	2
28	3	26	1	58	55	23.6	51.0	2
28	3	26	1	58	56	23.6	51.0	3
28	3	26	1	58	57	23.6	51.0	3
28	3	26	1	58	58	23.6	51.0	2
28	3	26	1	58	59	23.6	51.0	2
28	3	26	1	59	0	23.6	51.0	2
28	3	26	1	59	1	23.6	51.0	2
28	3	26	1	59	2	23.6	51.0	1
28	3	26	1	59	3	23.6	51.0	3
28	3	26	1	59	4	23.6	51.0	2
28	3	26	1	59	5	23.6	51.0	1
28	3	26	1	59	6	23.6	51.0	2
28	3	26	1	59	7	23.6	51.0	1
28	3	26	1	59	8	23.6	51.0	2
28	3	26	1	59	9	23.6	51.0	1
28	3	26	1	59	10	23.6	51.0	3
28	3	26	1	59	11	23.6	51.0	2
28	3	26	1	59	12	23.6	51.0	2
28	3	26	1	59	13	23.6	51.0	1
28	3	26	1	59	14	23.6	51.0	3
28	3	26	1	59	15	23.6	51.0	2
28	3	26	1	59	16	23.6	51.0	2
28	3	26	1	59	17	23.6	51.0	2
28	3	26	1	59	18	23.6	51.0	1
28	3	26	1	59	19	23.6	51.0	2
28	3	26	1	59	20	23.6	51.0	2
28	3	26	1	59	21	23.6	51.0	3
28	3	26	1	59	22	23.6	51.0	3
28	3	26	1	59	23	23.6	51.0	3
28	3	26	1	59	24	23.6	51.0	2
28	3	26	1	59	25	23.6	52.0	1
28	3	26	1	59	26	23.6	52.0	2
28	3	26	1	59	27	23.6	52.0	1
28	3	26	1	59	28	23.6	52.0	2
28	3	26	1	59	29	23.6	51.0	1
28	3	26	1	59	30	23.6	51.0	2
28	3	26	1	59	31	23.6	51.0	2
28	3	26	1	59	32	23.6	51.0	3
28	3	26	1	59	33	23.6	51.0	2
28	3	26	1	59	34	23.6	51.0	1
28	3	26	1	59	35	23.6	51.0	2
28	3	26	1	59	36	23.6	51.0	1
28	3	26	1	59	37	23.6	51.0	3
28	3	26	1	59	38	23.6	51.0	1
28	3	26	1	59	39	23.6	51.0	2
28	3	26	1	59	40	23.6	52.0	1
28	3	26	1	59	41	23.6	52.0	1
28	3	26	1	59	42	23.6	52.0	2
28	3	26	1	59	43	23.6	52.0	1
28	3	26	1	59	44	23.6	52.0	2
28	3	26	1	59	45	23.6	52.0	1
28	3	26	1	59	46	23.6	52.0	4
28	3	26	1	59	47	23.6	52.0	4
28	3	26	1	59	48	23.6	52.0	2
28	3	26	1	59	49	23.6	52.0	3
28	3	26	1	59	50	23.6	52.0	3
28	3	26	1	59	51	23.6	52.0	1
28	3	26	1	59	52	23.6	52.0	3
28	3	26	1	59	53	23.6	52.0	2
28	3	26	1	59	54	23.6	52.0	2
28	3	26	1	59	55	23.6	52.0	1
28	3	26	1	59	56	23.6	52.0	1
28	3	26	1	59	57	23.6	52.0	2
28	3	26	1	59	58	23.6	52.0	1
28	3	26	1	59	59	23.6	52.0	1
28	3	26	2	0	0	23.6	52.0	2
28	3	26	2	0	1	23.6	52.0	1
28	3	26	2	0	2	23.6	52.0	1
28	3	26	2	0	3	23.6	52.0	2
28	3	26	2	0	4	23.6	52.0	2
28	3	26	2	0	5	23.6	52.0	2
28	3	26	2	0	6	23.6	52.0	1
28	3	26	2	0	7	23.6	52.0	2
28	3	26	2	0	8	23.6	52.0	2
28	3	26	2	0	9	23.6	52.0	2
28	3	26	2	0	10	23.6	52.0	2
28	3	26	2	0	11	23.6	52.0	1
28	3	26	2	0	12	23.6	52.0	3
28	3	26	2	0	13	23.6	52.0	1
28	3	26	2	0	14	23.6	52.0	1
28	3	26	2	0	15	23.6	52.0	1
28	3	26	2	0	16	23.6	52.0	1
28	3	26	2	0	17	23.6	52.0	1
28	3	26	2	0	18	23.6	52.0	1
28	3	26	2	0	19	23.6	52.0	1
28	3	26	2	0	20	23.6	52.0	2
28	3	26	2	0	21	23.6	52.0	1
28	3	26	2	0	22	23.6	52.0	2
28	3	26	2	0	23	23.6	52.0	1
28	3	26	2	0	24	23.6	52.0	3
28	3	26	2	0	25	23.6	52.0	2
28	3	26	2	0	26	23.6	52.0	2
28	3	26	2	0	27	23.6	52.0	1
28	3	26	2	0	28	23.6	52.0	2
28	3	26	2	0	29	23.6	52.0	2
28	3	26	2	0	30	23.6	52.0	2
28	3	26	2	0	31	23.6	52.0	1
28	3	26	2	0	32	23.6	52.0	2
28	3	26	2	0	33	23.6	52.0	1
28	3	26	2	0	34	23.6	51.0	1
28	3	26	2	0	35	23.6	51.0	2
28	3	26	2	0	36	23.6	51.0	3
28	3	26	2	0	37	23.6	51.0	2
28	3	26	2	0	38	23.6	51.0	2
28	3	26	2	0	39	23.6	52.0	2
28	3	26	2	0	40	23.6	52.0	1
28	3	26	2	0	41	23.6	52.0	1
28	3	26	2	0	42	23.6	52.0	3
28	3	26	2	0	43	23.6	52.0	2
28	3	26	2	0	44	23.6	52.0	1
28	3	26	2	0	45	23.6	52.0	1
28	3	26	2	0	46	23.6	51.0	1
28	3	26	2	0	47	23.6	51.0	1
28	3	26	2	0	48	23.6	51.0	2
28	3	26	2	0	49	23.6	51.0	1
28	3	26	2	0	50	23.6	51.0	2
28	3	26	2	0	51	23.6	51.0	1
28	3	26	2	0	52	23.6	52.0	1
28	3	26	2	0	53	23.6	52.0	2
28	3	26	2	0	54	23.6	52.0	1
28	3	26	2	0	55	23.6	52.0	2
28	3	26	2	0	56	23.6	52.0	2
28	3	26	2	0	57	23.6	52.0	1
28	3	26	2	0	58	23.6	52.0	2
28	3	26	2	0	59	23.6	51.0	2
28	3	26	2	1	0	23.6	51.0	2
28	3	26	2	1	1	23.6	51.0	1
28	3	26	2	1	2	23.6	51.0	1
28	3	26	2	1	3	23.6	51.0	1
28	3	26	2	1	4	23.6	51.0	2
28	3	26	2	1	5	23.6	51.0	2
28	3	26	2	1	6	23.6	51.0	1
28	3	26	2	1	7	23.6	51.0	2
28	3	26	2	1	8	23.6	51.0	1
28	3	26	2	1	9	23.6	51.0	2
28	3	26	2	1	10	23.6	51.0	2
28	3	26	2	1	11	23.6	51.0	1
28	3	26	2	1	12	23.6	51.0	1
28	3	26	2	1	13	23.6	51.0	3
28	3	26	2	1	14	23.6	51.0	1
28	3	26	2	1	15	23.6	51.0	2
28	3	26	2	1	16	23.6	51.0	1
28	3	26	2	1	17	23.6	51.0	2
28	3	26	2	1	18	23.6	51.0	2
28	3	26	2	1	19	23.6	51.0	2
28	3	26	2	1	20	23.6	51.0	1
28	3	26	2	1	21	23.6	51.0	1
28	3	26	2	1	22	23.6	51.0	2
28	3	26	2	1	23	23.6	51.0	2
28	3	26	2	1	24	23.6	51.0	2
28	3	26	2	1	25	23.6	51.0	2
28	3	26	2	1	26	23.6	51.0	2
28	3	26	2	1	27	23.6	51.0	2
28	3	26	2	1	28	23.6	51.0	2
28	3	26	2	1	29	23.6	52.0	1
28	3	26	2	1	30	23.6	52.0	2
28	3	26	2	1	31	23.6	52.0	2
28	3	26	2	1	32	23.6	52.0	1
28	3	26	2	1	33	23.6	52.0	2
28	3	26	2	1	34	23.6	52.0	1
28	3	26	2	1	35	23.6	52.0	1
28	3	26	2	1	36	23.6	52.0	1
28	3	26	2	1	37	23.6	52.0	2
28	3	26	2	1	38	23.6	52.0	1
28	3	26	2	1	39	23.6	52.0	2
28	3	26	2	1	40	23.6	52.0	1
28	3	26	2	1	41	23.6	52.0	2
28	3	26	2	1	42	23.6	52.0	1
28	3	26	2	1	43	23.6	52.0	2
28	3	26	2	1	44	23.6	52.0	1
28	3	26	2	1	45	23.6	52.0	1
28	3	26	2	1	46	23.6	52.0	1
28	3	26	2	1	47	23.6	52.0	2
28	3	26	2	1	48	23.6	52.0	2
28	3	26	2	1	49	23.6	52.0	1
28	3	26	2	1	50	23.6	52.0	2
28	3	26	2	1	51	23.6	52.0	2
28	3	26	2	1	52	23.6	52.0	2
28	3	26	2	1	53	23.6	52.0	1
28	3	26	2	1	54	23.6	52.0	1
28	3	26	2	1	55	23.6	52.0	1
28	3	26	2	1	56	23.6	52.0	2
28	3	26	2	1	57	23.6	52.0	2
28	3	26	2	1	58	23.6	52.0	2
28	3	26	2	1	59	23.6	52.0	1
28	3	26	2	2	0	23.6	52.0	2
28	3	26	2	2	1	23.6	52.0	3
28	3	26	2	2	2	23.6	52.0	2
28	3	26	2	2	3	23.6	52.0	2
28	3	26	2	2	4	23.6	52.0	2
28	3	26	2	2	5	23.6	52.0	1
28	3	26	2	2	6	23.6	52.0	1
28	3	26	2	2	7	23.6	52.0	2
28	3	26	2	2	8	23.6	52.0	1
28	3	26	2	2	9	23.6	52.0	1
28	3	26	2	2	10	23.6	52.0	1
28	3	26	2	2	11	23.6	52.0	2
28	3	26	2	2	12	23.6	52.0	1
28	3	26	2	2	13	23.6	52.0	1
28	3	26	2	2	14	23.6	52.0	2
28	3	26	2	2	15	23.6	52.0	2
28	3	26	2	2	16	23.6	52.0	2
28	3	26	2	2	17	23.6	52.0	1
28	3	26	2	2	18	23.6	52.0	1
28	3	26	2	2	19	23.6	52.0	2
28	3	26	2	2	20	23.6	52.0	3
28	3	26	2	2	21	23.6	52.0	1
28	3	26	2	2	22	23.6	52.0	2
28	3	26	2	2	23	23.6	52.0	1
28	3	26	2	2	24	23.6	52.0	2
28	3	26	2	2	25	23.6	52.0	1
28	3	26	2	2	26	23.6	52.0	3
28	3	26	2	2	27	23.6	52.0	1
28	3	26	2	2	28	23.6	52.0	2
28	3	26	2	2	29	23.6	52.0	1
28	3	26	2	2	30	23.6	52.0	2
28	3	26	2	2	31	23.6	52.0	2
28	3	26	2	2	32	23.6	53.0	2
28	3	26	2	2	33	23.6	53.0	1
28	3	26	2	2	34	23.6	53.0	1
28	3	26	2	2	35	23.6	53.0	1
28	3	26	2	2	36	23.6	53.0	1
28	3	26	2	2	37	23.6	53.0	1
28	3	26	2	2	38	23.6	53.0	1
28	3	26	2	2	39	23.6	53.0	2
28	3	26	2	2	40	23.6	53.0	2
28	3	26	2	2	41	23.6	52.0	2
28	3	26	2	2	42	23.6	52.0	1
28	3	26	2	2	43	23.6	52.0	1
28	3	26	2	2	44	23.6	52.0	2
28	3	26	2	2	45	23.6	52.0	2
28	3	26	2	2	46	23.6	52.0	1
28	3	26	2	2	47	23.6	52.0	2
28	3	26	2	2	48	23.6	52.0	1
28	3	26	2	2	49	23.6	52.0	3
28	3	26	2	2	50	23.6	52.0	2
28	3	26	2	2	51	23.6	52.0	1
28	3	26	2	2	52	23.6	52.0	2
28	3	26	2	2	53	23.6	52.0	2
28	3	26	2	2	54	23.6	52.0	2
28	3	26	2	2	55	23.6	52.0	1
28	3	26	2	2	56	23.6	52.0	2
28	3	26	2	2	57	23.6	52.0	1
28	3	26	2	2	58	23.6	52.0	2
28	3	26	2	2	59	23.6	52.0	3
28	3	26	2	3	0	23.6	52.0	2
28	3	26	2	3	1	23.6	52.0	1
28	3	26	2	3	2	23.6	52.0	1
28	3	26	2	3	3	23.6	52.0	2
28	3	26	2	3	4	23.6	52.0	1
28	3	26	2	3	5	23.6	52.0	3
28	3	26	2	3	6	23.6	52.0	2
28	3	26	2	3	7	23.6	52.0	2
28	3	26	2	3	8	23.6	52.0	2
28	3	26	2	3	9	23.6	52.0	1
28	3	26	2	3	10	23.6	52.0	1
28	3	26	2	3	11	23.6	52.0	2
28	3	26	2	3	12	23.6	52.0	2
28	3	26	2	3	13	23.6	52.0	2
28	3	26	2	3	14	23.6	52.0	2
28	3	26	2	3	15	23.6	52.0	1
28	3	26	2	3	16	23.6	52.0	2
28	3	26	2	3	17	23.6	52.0	1
28	3	26	2	3	18	23.6	52.0	1
28	3	26	2	3	19	23.6	52.0	1
28	3	26	2	3	20	23.6	52.0	3
28	3	26	2	3	21	23.6	52.0	1
28	3	26	2	3	22	23.6	52.0	2
28	3	26	2	3	23	23.6	52.0	1
28	3	26	2	3	24	23.6	52.0	1
28	3	26	2	3	25	23.6	52.0	2
28	3	26	2	3	26	23.6	52.0	2
28	3	26	2	3	27	23.6	52.0	1
28	3	26	2	3	28	23.6	52.0	2
28	3	26	2	3	29	23.6	52.0	2
28	3	26	2	3	30	23.6	52.0	2
28	3	26	2	3	31	23.6	52.0	2
28	3	26	2	3	32	23.6	52.0	1
28	3	26	2	3	33	23.6	52.0	1
28	3	26	2	3	34	23.6	52.0	3
28	3	26	2	3	35	23.6	52.0	2
28	3	26	2	3	36	23.6	52.0	2
28	3	26	2	3	37	23.6	52.0	1
28	3	26	2	3	38	23.6	52.0	2
28	3	26	2	3	39	23.6	52.0	2
28	3	26	2	3	40	23.6	52.0	2
28	3	26	2	3	41	23.6	52.0	2
28	3	26	2	3	42	23.6	52.0	1
28	3	26	2	3	43	23.6	52.0	2
28	3	26	2	3	44	23.6	52.0	2
28	3	26	2	3	45	23.6	52.0	1
28	3	26	2	3	46	23.6	52.0	1
28	3	26	2	3	47	23.6	52.0	2
28	3	26	2	3	48	23.6	52.0	1
28	3	26	2	3	49	23.6	52.0	1
28	3	26	2	3	50	23.6	52.0	1
28	3	26	2	3	51	23.6	52.0	2
28	3	26	2	3	52	23.6	52.0	2
28	3	26	2	3	53	23.6	52.0	2
28	3	26	2	3	54	23.6	52.0	1
28	3	26	2	3	55	23.6	52.0	2
28	3	26	2	3	56	23.6	51.0	1
28	3	26	2	3	57	23.6	51.0	1
28	3	26	2	3	58	23.6	51.0	1
28	3	26	2	3	59	23.6	51.0	1
28	3	26	2	4	0	23.6	51.0	1
28	3	26	2	4	1	23.6	51.0	2
28	3	26	2	4	2	23.6	51.0	2
28	3	26	2	4	3	23.6	52.0	1
28	3	26	2	4	4	23.6	52.0	2
28	3	26	2	4	5	23.6	52.0	1
28	3	26	2	4	6	23.6	52.0	2
28	3	26	2	4	7	23.6	52.0	2
28	3	26	2	4	8	23.6	52.0	2
28	3	26	2	4	9	23.6	52.0	2
28	3	26	2	4	10	23.6	52.0	1
28	3	26	2	4	11	23.6	52.0	2
28	3	26	2	4	12	23.6	52.0	2
28	3	26	2	4	13	23.6	52.0	2
28	3	26	2	4	14	23.6	52.0	3
28	3	26	2	4	15	23.6	52.0	1
28	3	26	2	4	16	23.6	52.0	1
28	3	26	2	4	17	23.6	51.0	2
28	3	26	2	4	18	23.6	51.0	2
28	3	26	2	4	19	23.6	51.0	1
28	3	26	2	4	20	23.6	51.0	1
28	3	26	2	4	21	23.6	51.0	2
28	3	26	2	4	22	23.6	51.0	1
28	3	26	2	4	23	23.6	51.0	2
28	3	26	2	4	24	23.6	51.0	1
28	3	26	2	4	25	23.6	51.0	2
28	3	26	2	4	26	23.6	51.0	1
28	3	26	2	4	27	23.6	51.0	1
28	3	26	2	4	28	23.6	51.0	2
28	3	26	2	4	29	23.6	51.0	2
28	3	26	2	4	30	23.6	51.0	1
28	3	26	2	4	31	23.6	51.0	1
28	3	26	2	4	32	23.6	51.0	3
28	3	26	2	4	33	23.6	51.0	1
28	3	26	2	4	34	23.6	51.0	2
28	3	26	2	4	35	23.6	51.0	1
28	3	26	2	4	36	23.6	51.0	1
28	3	26	2	4	37	23.6	51.0	1
28	3	26	2	4	38	23.6	51.0	1
28	3	26	2	4	39	23.6	52.0	2
28	3	26	2	4	40	23.6	52.0	1
28	3	26	2	4	41	23.6	52.0	2
28	3	26	2	4	42	23.6	52.0	1
28	3	26	2	4	43	23.6	52.0	1
28	3	26	2	4	44	23.6	52.0	2
28	3	26	2	4	45	23.6	52.0	1
28	3	26	2	4	46	23.6	52.0	2
28	3	26	2	4	47	23.6	52.0	2
28	3	26	2	4	48	23.6	52.0	2
28	3	26	2	4	49	23.6	52.0	2
28	3	26	2	4	50	23.6	52.0	2
28	3	26	2	4	51	23.6	52.0	2
28	3	26	2	4	52	23.6	52.0	2
28	3	26	2	4	53	23.6	52.0	1
28	3	26	2	4	54	23.6	52.0	2
28	3	26	2	4	55	23.6	52.0	2
28	3	26	2	4	56	23.6	52.0	2
28	3	26	2	4	57	23.6	51.0	1
28	3	26	2	4	58	23.6	51.0	2
28	3	26	2	4	59	23.6	51.0	2
28	3	26	2	5	0	23.6	51.0	1
28	3	26	2	5	1	23.6	51.0	1
28	3	26	2	5	2	23.6	51.0	1
28	3	26	2	5	3	23.6	51.0	2
28	3	26	2	5	4	23.6	51.0	2
28	3	26	2	5	5	23.6	51.0	1
28	3	26	2	5	6	23.6	51.0	2
28	3	26	2	5	7	23.6	51.0	1
28	3	26	2	5	8	23.6	51.0	1
28	3	26	2	5	9	23.6	51.0	2
28	3	26	2	5	10	23.6	51.0	3
28	3	26	2	5	11	23.6	51.0	1
28	3	26	2	5	12	23.6	51.0	1
28	3	26	2	5	13	23.6	51.0	3
28	3	26	2	5	14	23.6	51.0	2
28	3	26	2	5	15	23.6	51.0	1
28	3	26	2	5	16	23.6	51.0	2
28	3	26	2	5	17	23.6	51.0	3
28	3	26	2	5	18	23.6	51.0	2
28	3	26	2	5	19	23.6	51.0	1
28	3	26	2	5	20	23.6	51.0	3
28	3	26	2	5	21	23.6	51.0	3
28	3	26	2	5	22	23.6	52.0	1
28	3	26	2	5	23	23.6	52.0	2
28	3	26	2	5	24	23.6	52.0	3
28	3	26	2	5	25	23.6	52.0	1
28	3	26	2	5	26	23.6	52.0	2
28	3	26	2	5	27	23.6	52.0	1
28	3	26	2	5	28	23.6	52.0	3
28	3	26	2	5	29	23.6	52.0	3
28	3	26	2	5	30	23.6	52.0	2
28	3	26	2	5	31	23.6	52.0	2
28	3	26	2	5	32	23.6	52.0	1
28	3	26	2	5	33	23.6	52.0	1
28	3	26	2	5	34	23.6	52.0	2
28	3	26	2	5	35	23.6	52.0	1
28	3	26	2	5	36	23.6	52.0	1
28	3	26	2	5	37	23.6	52.0	1
28	3	26	2	5	38	23.6	52.0	1
28	3	26	2	5	39	23.6	52.0	1
28	3	26	2	5	40	23.6	52.0	2
28	3	26	2	5	41	23.6	52.0	1
28	3	26	2	5	42	23.6	52.0	3
28	3	26	2	5	43	23.6	52.0	1
28	3	26	2	5	44	23.6	52.0	2
28	3	26	2	5	45	23.6	52.0	2
28	3	26	2	5	46	23.6	52.0	2
28	3	26	2	5	47	23.6	52.0	1
28	3	26	2	5	48	23.6	52.0	1
28	3	26	2	5	49	23.6	52.0	2
28	3	26	2	5	50	23.6	52.0	2
28	3	26	2	5	51	23.6	52.0	1
28	3	26	2	5	52	23.6	52.0	2
28	3	26	2	5	53	23.6	52.0	2
28	3	26	2	5	54	23.6	52.0	1
28	3	26	2	5	55	23.6	52.0	1
28	3	26	2	5	56	23.6	52.0	2
28	3	26	2	5	57	23.6	52.0	2
28	3	26	2	5	58	23.6	52.0	2
28	3	26	2	5	59	23.6	52.0	1
28	3	26	2	6	0	23.6	52.0	2
28	3	26	2	6	1	23.6	52.0	2
28	3	26	2	6	2	23.6	52.0	2
28	3	26	2	6	3	23.6	52.0	2
28	3	26	2	6	4	23.6	52.0	2
28	3	26	2	6	5	23.6	52.0	1
28	3	26	2	6	6	23.6	52.0	2
28	3	26	2	6	7	23.6	52.0	2
28	3	26	2	6	8	23.6	52.0	1
28	3	26	2	6	9	23.6	52.0	1
28	3	26	2	6	10	23.6	52.0	2
28	3	26	2	6	11	23.6	52.0	2
28	3	26	2	6	12	23.6	52.0	1
28	3	26	2	6	13	23.6	52.0	2
28	3	26	2	6	14	23.6	52.0	1
28	3	26	2	6	15	23.6	52.0	1
28	3	26	2	6	16	23.6	52.0	1
28	3	26	2	6	17	23.6	52.0	1
28	3	26	2	6	18	23.6	52.0	2
28	3	26	2	6	19	23.6	52.0	1
28	3	26	2	6	20	23.6	52.0	1
28	3	26	2	6	21	23.6	52.0	2
28	3	26	2	6	22	23.6	52.0	2
28	3	26	2	6	23	23.6	52.0	2
28	3	26	2	6	24	23.6	52.0	3
28	3	26	2	6	25	23.6	52.0	2
28	3	26	2	6	26	23.6	52.0	2
28	3	26	2	6	27	23.6	52.0	2
28	3	26	2	6	28	23.6	52.0	2
28	3	26	2	6	29	23.6	52.0	2
28	3	26	2	6	30	23.6	52.0	1
28	3	26	2	6	31	23.6	52.0	1
28	3	26	2	6	32	23.6	52.0	1
28	3	26	2	6	33	23.6	52.0	1
28	3	26	2	6	34	23.6	52.0	1
28	3	26	2	6	35	23.6	52.0	1
28	3	26	2	6	36	23.6	52.0	1
28	3	26	2	6	37	23.6	52.0	2
28	3	26	2	6	38	23.6	52.0	1
28	3	26	2	6	39	23.6	52.0	2
28	3	26	2	6	40	23.6	52.0	3
28	3	26	2	6	41	23.6	52.0	1
28	3	26	2	6	42	23.6	52.0	2
28	3	26	2	6	43	23.6	52.0	3
28	3	26	2	6	44	23.6	52.0	1
28	3	26	2	6	45	23.6	52.0	1
28	3	26	2	6	46	23.6	52.0	1
28	3	26	2	6	47	23.6	52.0	2
28	3	26	2	6	48	23.6	52.0	1
28	3	26	2	6	49	23.6	52.0	2
28	3	26	2	6	50	23.6	52.0	2
28	3	26	2	6	51	23.6	52.0	2
28	3	26	2	6	52	23.6	52.0	2
28	3	26	2	6	53	23.6	52.0	3
28	3	26	2	6	54	23.6	52.0	2
28	3	26	2	6	55	23.6	52.0	2
28	3	26	2	6	56	23.6	52.0	1
28	3	26	2	6	57	23.6	52.0	1
28	3	26	2	6	58	23.6	52.0	2
28	3	26	2	6	59	23.6	52.0	2
28	3	26	2	7	0	23.6	52.0	2
28	3	26	2	7	1	23.6	52.0	2
28	3	26	2	7	2	23.6	52.0	2
28	3	26	2	7	3	23.6	52.0	2
28	3	26	2	7	4	23.6	52.0	1
28	3	26	2	7	5	23.6	52.0	1
28	3	26	2	7	6	23.6	52.0	1
28	3	26	2	7	7	23.6	52.0	2
28	3	26	2	7	8	23.6	52.0	1
28	3	26	2	7	9	23.6	52.0	1
28	3	26	2	7	10	23.6	52.0	1
28	3	26	2	7	11	23.6	52.0	2
28	3	26	2	7	12	23.6	52.0	3
28	3	26	2	7	13	23.6	52.0	2
28	3	26	2	7	14	23.6	52.0	1
28	3	26	2	7	15	23.6	52.0	1
28	3	26	2	7	16	23.6	52.0	2
28	3	26	2	7	17	23.6	52.0	2
28	3	26	2	7	18	23.6	52.0	2
28	3	26	2	7	19	23.6	52.0	2
28	3	26	2	7	20	23.6	52.0	1
28	3	26	2	7	21	23.6	52.0	1
28	3	26	2	7	22	23.6	52.0	2
28	3	26	2	7	23	23.6	52.0	2
28	3	26	2	7	24	23.6	52.0	2
28	3	26	2	7	25	23.6	52.0	1
28	3	26	2	7	26	23.6	52.0	1
28	3	26	2	7	27	23.6	52.0	2
28	3	26	2	7	28	23.6	52.0	3
28	3	26	2	7	29	23.6	52.0	1
28	3	26	2	7	30	23.6	52.0	1
28	3	26	2	7	31	23.6	52.0	2
28	3	26	2	7	32	23.6	52.0	2
28	3	26	2	7	33	23.6	52.0	2
28	3	26	2	7	34	23.6	52.0	2
28	3	26	2	7	35	23.6	52.0	2
28	3	26	2	7	36	23.6	52.0	2
28	3	26	2	7	37	23.6	52.0	1
28	3	26	2	7	38	23.6	52.0	1
28	3	26	2	7	39	23.6	52.0	2
28	3	26	2	7	40	23.6	52.0	1
28	3	26	2	7	41	23.6	52.0	2
28	3	26	2	7	42	23.6	52.0	1
28	3	26	2	7	43	23.6	52.0	2
28	3	26	2	7	44	23.6	52.0	1
28	3	26	2	7	45	23.6	52.0	2
28	3	26	2	7	46	23.6	52.0	1
28	3	26	2	7	47	23.6	52.0	2
28	3	26	2	7	48	23.6	52.0	1
28	3	26	2	7	49	23.6	52.0	1
28	3	26	2	7	50	23.6	52.0	2
28	3	26	2	7	51	23.6	52.0	1
28	3	26	2	7	52	23.6	52.0	1
28	3	26	2	7	53	23.6	52.0	1
28	3	26	2	7	54	23.6	52.0	2
28	3	26	2	7	55	23.6	52.0	1
28	3	26	2	7	56	23.6	52.0	2
28	3	26	2	7	57	23.6	52.0	2
28	3	26	2	7	58	23.6	52.0	1
28	3	26	2	7	59	23.6	52.0	3
28	3	26	2	8	0	23.6	52.0	2
28	3	26	2	8	1	23.6	52.0	2
28	3	26	2	8	2	23.6	52.0	1
28	3	26	2	8	3	23.6	52.0	3
28	3	26	2	8	4	23.6	52.0	2
28	3	26	2	8	5	23.6	52.0	1
28	3	26	2	8	6	23.6	52.0	2
28	3	26	2	8	7	23.6	52.0	2
28	3	26	2	8	8	23.6	52.0	2
28	3	26	2	8	9	23.6	52.0	1
28	3	26	2	8	10	23.6	52.0	2
28	3	26	2	8	11	23.6	52.0	2
28	3	26	2	8	12	23.6	52.0	2
28	3	26	2	8	13	23.6	52.0	2
28	3	26	2	8	14	23.6	52.0	1
28	3	26	2	8	15	23.6	52.0	2
28	3	26	2	8	16	23.6	52.0	2
28	3	26	2	8	17	23.6	52.0	1
28	3	26	2	8	18	23.6	52.0	1
28	3	26	2	8	19	23.6	52.0	2
28	3	26	2	8	20	23.6	52.0	2
28	3	26	2	8	21	23.6	53.0	2
28	3	26	2	8	22	23.6	53.0	1
28	3	26	2	8	23	23.6	53.0	2
28	3	26	2	8	24	23.6	53.0	1
28	3	26	2	8	25	23.6	53.0	2
28	3	26	2	8	26	23.6	53.0	2
28	3	26	2	8	27	23.6	53.0	1
28	3	26	2	8	28	23.6	54.0	2
28	3	26	2	8	29	23.6	54.0	2
28	3	26	2	8	30	23.6	53.0	1
28	3	26	2	8	31	23.6	53.0	1
28	3	26	2	8	32	23.6	53.0	1
28	3	26	2	8	33	23.6	53.0	0
28	3	26	2	8	34	23.6	53.0	1
28	3	26	2	8	35	23.6	54.0	3
28	3	26	2	8	36	23.6	54.0	2
28	3	26	2	8	37	23.6	55.0	1
28	3	26	2	8	38	23.6	55.0	1
28	3	26	2	8	39	23.6	55.0	1
28	3	26	2	8	40	23.6	55.0	1
28	3	26	2	8	41	23.6	54.0	1
28	3	26	2	8	42	23.6	54.0	3
28	3	26	2	8	43	23.6	54.0	3
28	3	26	2	8	44	23.6	53.0	1
28	3	26	2	8	45	23.6	53.0	2
28	3	26	2	8	46	23.6	53.0	1
28	3	26	2	8	47	23.6	53.0	2
28	3	26	2	8	48	23.6	53.0	1
28	3	26	2	8	49	23.6	53.0	1
28	3	26	2	8	50	23.6	53.0	2
28	3	26	2	8	51	23.6	53.0	1
28	3	26	2	8	52	23.6	53.0	1
28	3	26	2	8	53	23.6	53.0	2
28	3	26	2	8	54	23.6	53.0	3
28	3	26	2	8	55	23.6	52.0	2
28	3	26	2	8	56	23.6	52.0	3
28	3	26	2	8	57	23.6	52.0	1
28	3	26	2	8	58	23.6	52.0	1
28	3	26	2	8	59	23.6	52.0	1
28	3	26	2	9	0	23.6	52.0	2
28	3	26	2	9	1	23.6	52.0	2
28	3	26	2	9	2	23.6	52.0	3
28	3	26	2	9	3	23.6	52.0	1
28	3	26	2	9	4	23.6	52.0	3
28	3	26	2	9	5	23.6	52.0	1
28	3	26	2	9	6	23.6	52.0	1
28	3	26	2	9	7	23.6	52.0	3
28	3	26	2	9	8	23.6	52.0	3
28	3	26	2	9	9	23.6	53.0	1
28	3	26	2	9	10	23.6	53.0	1
28	3	26	2	9	11	23.6	53.0	2
28	3	26	2	9	12	23.6	53.0	3
28	3	26	2	9	13	23.6	52.0	2
28	3	26	2	9	14	23.6	52.0	1
28	3	26	2	9	15	23.6	52.0	2
28	3	26	2	9	16	23.6	52.0	1
28	3	26	2	9	17	23.6	52.0	3
28	3	26	2	9	18	23.6	52.0	1
28	3	26	2	9	19	23.6	52.0	2
28	3	26	2	9	20	23.6	52.0	2
28	3	26	2	9	21	23.6	52.0	1
28	3	26	2	9	22	23.6	52.0	1
28	3	26	2	9	23	23.6	52.0	2
28	3	26	2	9	24	23.6	52.0	2
28	3	26	2	9	25	23.6	52.0	1
28	3	26	2	9	26	23.6	52.0	1
28	3	26	2	9	27	23.6	52.0	1
28	3	26	2	9	28	23.6	52.0	3
28	3	26	2	9	29	23.6	52.0	2
28	3	26	2	9	30	23.6	52.0	2
28	3	26	2	9	31	23.6	53.0	2
28	3	26	2	9	32	23.6	53.0	2
28	3	26	2	9	33	23.6	53.0	1
28	3	26	2	9	34	23.6	52.0	2
28	3	26	2	9	35	23.6	52.0	1
28	3	26	2	9	36	23.6	52.0	2
28	3	26	2	9	37	23.6	52.0	2
28	3	26	2	9	38	23.6	52.0	2
28	3	26	2	9	39	23.6	52.0	3
28	3	26	2	9	40	23.6	52.0	1
28	3	26	2	9	41	23.6	52.0	2
28	3	26	2	9	42	23.6	52.0	1
28	3	26	2	9	43	23.6	52.0	1
28	3	26	2	9	44	23.6	52.0	3
28	3	26	2	9	45	23.6	52.0	2
28	3	26	2	9	46	23.6	52.0	2
28	3	26	2	9	47	23.6	52.0	1
28	3	26	2	9	48	23.6	52.0	2
28	3	26	2	9	49	23.6	52.0	2
28	3	26	2	9	50	23.6	52.0	3
28	3	26	2	9	51	23.6	52.0	2
28	3	26	2	9	52	23.6	52.0	3
28	3	26	2	9	53	23.6	52.0	1
28	3	26	2	9	54	23.6	52.0	2
28	3	26	2	9	55	23.6	52.0	1
28	3	26	2	9	56	23.6	52.0	2
28	3	26	2	9	57	23.6	52.0	3
28	3	26	2	9	58	23.6	52.0	2
28	3	26	2	9	59	23.6	52.0	3
28	3	26	2	10	0	23.6	52.0	1
28	3	26	2	10	1	23.6	52.0	3
28	3	26	2	10	2	23.6	52.0	1
28	3	26	2	10	3	23.6	52.0	2
28	3	26	2	10	4	23.6	52.0	1
28	3	26	2	10	5	23.6	52.0	2
28	3	26	2	10	6	23.6	53.0	2
28	3	26	2	10	7	23.6	53.0	3
28	3	26	2	10	8	23.6	53.0	2
28	3	26	2	10	9	23.6	53.0	1
28	3	26	2	10	10	23.6	53.0	1
28	3	26	2	10	11	23.6	53.0	1
28	3	26	2	10	12	23.6	53.0	1
28	3	26	2	10	13	23.6	53.0	1
28	3	26	2	10	14	23.6	53.0	2
28	3	26	2	10	15	23.6	53.0	1
28	3	26	2	10	16	23.6	53.0	1
28	3	26	2	10	17	23.6	53.0	1
28	3	26	2	10	18	23.6	53.0	2
28	3	26	2	10	19	23.6	53.0	1
28	3	26	2	10	20	23.6	53.0	3
28	3	26	2	10	21	23.6	53.0	2
28	3	26	2	10	22	23.6	53.0	2
28	3	26	2	10	23	23.6	53.0	2
28	3	26	2	10	24	23.6	53.0	2
28	3	26	2	10	25	23.6	53.0	2
28	3	26	2	10	26	23.6	52.0	1
28	3	26	2	10	27	23.6	52.0	1
28	3	26	2	10	28	23.6	52.0	1
28	3	26	2	10	29	23.6	52.0	2
28	3	26	2	10	30	23.6	52.0	1
28	3	26	2	10	31	23.6	53.0	1
28	3	26	2	10	32	23.6	53.0	1
28	3	26	2	10	33	23.6	53.0	1
28	3	26	2	10	34	23.6	53.0	1
28	3	26	2	10	35	23.6	53.0	2
28	3	26	2	10	36	23.6	53.0	2
28	3	26	2	10	37	23.6	53.0	3
28	3	26	2	10	38	23.6	53.0	1
28	3	26	2	10	39	23.6	53.0	2
28	3	26	2	10	40	23.6	53.0	2
28	3	26	2	10	41	23.6	53.0	2
28	3	26	2	10	42	23.6	53.0	2
28	3	26	2	10	43	23.6	53.0	1
28	3	26	2	10	44	23.6	53.0	1
28	3	26	2	10	45	23.6	53.0	1
28	3	26	2	10	46	23.6	53.0	1
28	3	26	2	10	47	23.6	53.0	2
28	3	26	2	10	48	23.6	53.0	2
28	3	26	2	10	49	23.6	53.0	3
28	3	26	2	10	50	23.6	53.0	2
28	3	26	2	10	51	23.6	53.0	2
28	3	26	2	10	52	23.6	53.0	1
28	3	26	2	10	53	23.6	53.0	1
28	3	26	2	10	54	23.6	53.0	1
28	3	26	2	10	55	23.6	53.0	2
28	3	26	2	10	56	23.6	53.0	3
28	3	26	2	10	57	23.6	53.0	1
28	3	26	2	10	58	23.6	53.0	2
28	3	26	2	10	59	23.6	53.0	2
28	3	26	2	11	0	23.6	53.0	2
28	3	26	2	11	1	23.6	53.0	1
28	3	26	2	11	2	23.6	53.0	2
28	3	26	2	11	3	23.6	53.0	1
28	3	26	2	11	4	23.6	53.0	1
28	3	26	2	11	5	23.6	53.0	2
28	3	26	2	11	6	23.6	53.0	1
28	3	26	2	11	7	23.6	53.0	2
28	3	26	2	11	8	23.6	53.0	2
28	3	26	2	11	9	23.6	53.0	2
28	3	26	2	11	10	23.6	53.0	1
28	3	26	2	11	11	23.6	53.0	3
28	3	26	2	11	12	23.6	53.0	1
28	3	26	2	11	13	23.6	53.0	1
28	3	26	2	11	14	23.6	53.0	1
28	3	26	2	11	15	23.6	53.0	1
28	3	26	2	11	16	23.6	53.0	3
28	3	26	2	11	17	23.6	53.0	1
28	3	26	2	11	18	23.6	53.0	3
28	3	26	2	11	19	23.6	53.0	2
28	3	26	2	11	20	23.6	53.0	1
