Jour	Mois	Année	Heure	Minute	Seconde	Temp(°C) Hum(%) Lum(%)
28	3	26	2	28	25	0.0	0.0	0
28	3	26	2	28	26	0.0	0.0	0
28	3	26	2	28	27	23.5	53.0	2
28	3	26	2	28	28	23.5	53.0	2
28	3	26	2	28	29	23.5	54.0	1
28	3	26	2	28	30	23.5	54.0	2
28	3	26	2	28	31	23.5	53.0	2
28	3	26	2	28	32	23.5	53.0	2
28	3	26	2	28	33	23.5	54.0	1
28	3	26	2	28	34	23.5	54.0	3
28	3	26	2	28	35	23.5	54.0	1
28	3	26	2	28	36	23.5	54.0	1
28	3	26	2	28	37	23.5	54.0	1
28	3	26	2	28	38	23.5	54.0	2
28	3	26	2	28	39	23.5	54.0	3
28	3	26	2	28	40	23.6	54.0	3
28	3	26	2	28	41	23.6	54.0	1
28	3	26	2	28	42	23.6	54.0	1
28	3	26	2	28	43	23.6	54.0	3
28	3	26	2	28	44	23.6	54.0	2
28	3	26	2	28	45	23.5	53.0	3
28	3	26	2	28	46	23.5	53.0	2
28	3	26	2	28	47	23.6	53.0	3
28	3	26	2	28	48	23.6	53.0	1
28	3	26	2	28	49	23.5	53.0	1
28	3	26	2	28	50	23.5	53.0	1
28	3	26	2	28	51	23.5	53.0	2
28	3	26	2	28	52	23.5	53.0	3
28	3	26	2	28	53	23.5	53.0	2
28	3	26	2	28	54	23.5	53.0	3
28	3	26	2	28	55	23.5	53.0	3
28	3	26	2	28	56	23.5	54.0	1
28	3	26	2	28	57	23.5	54.0	1
28	3	26	2	28	58	23.5	54.0	1
28	3	26	2	28	59	23.5	54.0	2
28	3	26	2	29	0	23.5	54.0	3
28	3	26	2	29	1	23.5	54.0	1
28	3	26	2	29	2	23.5	54.0	2
28	3	26	2	29	3	23.5	54.0	1
28	3	26	2	29	4	23.5	54.0	3
28	3	26	2	29	5	23.6	54.0	2
28	3	26	2	29	6	23.6	54.0	3
28	3	26	2	29	7	23.5	54.0	1
28	3	26	2	29	8	23.5	54.0	1
28	3	26	2	29	9	23.5	54.0	2
28	3	26	2	29	10	23.6	54.0	1
28	3	26	2	29	11	23.6	54.0	1
28	3	26	2	29	12	23.6	54.0	2
28	3	26	2	29	13	23.6	54.0	3
28	3	26	2	29	14	23.5	54.0	1
28	3	26	2	29	15	23.5	54.0	2
28	3	26	2	29	16	23.6	53.0	1
28	3	26	2	29	17	23.6	53.0	2
28	3	26	2	29	18	23.6	53.0	1
28	3	26	2	29	19	23.6	53.0	3
28	3	26	2	29	20	23.6	53.0	2
28	3	26	2	29	21	23.6	53.0	2
28	3	26	2	29	22	23.6	53.0	2
28	3	26	2	29	23	23.6	53.0	3
28	3	26	2	29	24	23.6	53.0	1
28	3	26	2	29	25	23.6	53.0	2
28	3	26	2	29	26	23.6	53.0	3
28	3	26	2	29	27	23.6	53.0	2
28	3	26	2	29	28	23.5	53.0	1
28	3	26	2	29	29	23.5	53.0	2
28	3	26	2	29	30	23.5	54.0	1
28	3	26	2	29	31	23.5	54.0	1
28	3	26	2	29	32	23.6	54.0	1
28	3	26	2	29	33	23.6	54.0	2
28	3	26	2	29	34	23.6	54.0	1
28	3	26	2	29	35	23.6	54.0	3
28	3	26	2	29	36	23.6	54.0	3
28	3	26	2	29	37	23.6	54.0	3
28	3	26	2	29	38	23.6	54.0	1
28	3	26	2	29	39	23.6	54.0	3
28	3	26	2	29	40	23.6	54.0	1
28	3	26	2	29	41	23.6	54.0	2
28	3	26	2	29	42	23.6	54.0	3
28	3	26	2	29	43	23.6	54.0	3
28	3	26	2	29	44	23.6	54.0	2
28	3	26	2	29	45	23.6	54.0	1
28	3	26	2	29	46	23.6	54.0	1
28	3	26	2	29	47	23.6	54.0	1
28	3	26	2	29	48	23.6	53.0	1
28	3	26	2	29	49	23.6	53.0	1
28	3	26	2	29	50	23.6	53.0	1
28	3	26	2	29	51	23.5	53.0	2
28	3	26	2	29	52	23.5	53.0	2
28	3	26	2	29	53	23.6	54.0	3
28	3	26	2	29	54	23.6	54.0	3
28	3	26	2	29	55	23.5	54.0	2
28	3	26	2	29	56	23.5	54.0	3
28	3	26	2	29	57	23.5	54.0	1
28	3	26	2	29	58	23.5	54.0	2
28	3	26	2	29	59	23.5	54.0	1
28	3	26	2	30	0	23.5	54.0	2
28	3	26	2	30	1	23.5	54.0	3
28	3	26	2	30	2	23.6	54.0	2
28	3	26	2	30	3	23.6	54.0	3
28	3	26	2	30	4	23.6	53.0	2
28	3	26	2	30	5	23.6	53.0	2
28	3	26	2	30	6	23.6	53.0	1
28	3	26	2	30	7	23.6	53.0	2
28	3	26	2	30	8	23.6	53.0	1
28	3	26	2	30	9	23.6	53.0	2
28	3	26	2	30	10	23.6	53.0	3
28	3	26	2	30	11	23.5	53.0	3
28	3	26	2	30	12	23.5	53.0	2
28	3	26	2	30	13	23.6	53.0	3
28	3	26	2	30	14	23.6	53.0	2
28	3	26	2	30	15	23.6	53.0	2
28	3	26	2	30	16	23.6	53.0	2
28	3	26	2	30	17	23.6	53.0	1
28	3	26	2	30	18	23.5	53.0	2
28	3	26	2	30	19	23.5	53.0	3
28	3	26	2	30	20	23.6	53.0	2
28	3	26	2	30	21	23.6	53.0	3
28	3	26	2	30	22	23.6	53.0	1
28	3	26	2	30	23	23.5	53.0	2
28	3	26	2	30	24	23.5	53.0	1
28	3	26	2	30	25	23.6	53.0	1
28	3	26	2	30	26	23.6	53.0	2
28	3	26	2	30	27	23.6	53.0	1
28	3	26	2	30	28	23.6	53.0	3
28	3	26	2	30	29	23.6	53.0	2
28	3	26	2	30	30	23.6	53.0	2
28	3	26	2	30	31	23.6	53.0	1
28	3	26	2	30	32	23.6	53.0	1
28	3	26	2	30	33	23.6	53.0	2
28	3	26	2	30	34	23.6	53.0	1
28	3	26	2	30	35	23.6	53.0	3
28	3	26	2	30	36	23.6	53.0	2
28	3	26	2	30	37	23.6	53.0	3
28	3	26	2	30	38	23.6	54.0	2
28	3	26	2	30	39	23.6	54.0	1
28	3	26	2	30	40	23.6	54.0	2
28	3	26	2	30	41	23.6	54.0	1
28	3	26	2	30	42	23.6	54.0	1
28	3	26	2	30	43	23.6	54.0	2
28	3	26	2	30	44	23.6	54.0	3
28	3	26	2	30	45	23.6	53.0	3
28	3	26	2	30	46	23.6	53.0	2
28	3	26	2	30	47	23.6	53.0	1
28	3	26	2	30	48	23.6	53.0	3
28	3	26	2	30	49	23.6	53.0	2
28	3	26	2	30	50	23.6	53.0	2
28	3	26	2	30	51	23.6	53.0	1
28	3	26	2	30	52	23.6	53.0	2
28	3	26	2	30	53	23.6	53.0	1
28	3	26	2	30	54	23.6	53.0	1
28	3	26	2	30	55	23.6	53.0	3
28	3	26	2	30	56	23.6	53.0	2
28	3	26	2	30	57	23.6	53.0	1
28	3	26	2	30	58	23.6	53.0	1
28	3	26	2	30	59	23.6	53.0	1
28	3	26	2	31	0	23.6	53.0	3
28	3	26	2	31	1	23.6	53.0	2
28	3	26	2	31	2	23.6	53.0	3
28	3	26	2	31	3	23.6	54.0	2
28	3	26	2	31	4	23.6	54.0	3
28	3	26	2	31	5	23.6	54.0	3
28	3	26	2	31	6	23.6	54.0	3
28	3	26	2	31	7	23.6	54.0	2
28	3	26	2	31	8	23.6	53.0	3
28	3	26	2	31	9	23.6	53.0	2
28	3	26	2	31	10	23.6	54.0	3
28	3	26	2	31	11	23.6	54.0	1
28	3	26	2	31	12	23.6	54.0	3
28	3	26	2	31	13	23.6	54.0	2
28	3	26	2	31	14	23.6	54.0	3
28	3	26	2	31	15	23.6	54.0	2
28	3	26	2	31	16	23.6	54.0	1
28	3	26	2	31	17	23.6	54.0	3
28	3	26	2	31	18	23.6	54.0	1
28	3	26	2	31	19	23.6	54.0	1
28	3	26	2	31	20	23.6	54.0	2
28	3	26	2	31	21	23.6	54.0	1
28	3	26	2	31	22	23.6	53.0	1
28	3	26	2	31	23	23.6	53.0	2
28	3	26	2	31	24	23.6	53.0	1
28	3	26	2	31	25	23.6	53.0	2
28	3	26	2	31	26	23.6	53.0	1
28	3	26	2	31	27	23.6	53.0	3
28	3	26	2	31	28	23.6	54.0	2
28	3	26	2	31	29	23.6	54.0	1
28	3	26	2	31	30	23.6	54.0	3
28	3	26	2	31	31	23.6	54.0	2
28	3	26	2	31	32	23.6	54.0	3
28	3	26	2	31	33	23.6	53.0	3
28	3	26	2	31	34	23.6	53.0	1
28	3	26	2	31	35	23.6	54.0	3
28	3	26	2	31	36	23.6	54.0	2
28	3	26	2	31	37	23.6	54.0	1
28	3	26	2	31	38	23.6	54.0	1
28	3	26	2	31	39	23.6	54.0	1
28	3	26	2	31	40	23.6	54.0	1
28	3	26	2	31	41	23.6	54.0	2
28	3	26	2	31	42	23.6	54.0	2
28	3	26	2	31	43	23.6	54.0	1
28	3	26	2	31	44	23.6	54.0	3
28	3	26	2	31	45	23.6	54.0	3
28	3	26	2	31	46	23.6	54.0	3
28	3	26	2	31	47	23.6	54.0	2
28	3	26	2	31	48	23.6	54.0	2
28	3	26	2	31	49	23.6	54.0	1
28	3	26	2	31	50	23.6	54.0	1
28	3	26	2	31	51	23.6	54.0	2
28	3	26	2	31	52	23.6	54.0	3
28	3	26	2	31	53	23.6	54.0	2
28	3	26	2	31	54	23.6	54.0	3
28	3	26	2	31	55	23.6	54.0	1
28	3	26	2	31	56	23.6	54.0	2
28	3	26	2	31	57	23.6	54.0	1
28	3	26	2	31	58	23.6	54.0	2
28	3	26	2	31	59	23.6	54.0	2
28	3	26	2	32	0	23.6	54.0	3
28	3	26	2	32	1	23.6	54.0	2
28	3	26	2	32	2	23.6	54.0	3
28	3	26	2	32	3	23.6	54.0	3
28	3	26	2	32	4	23.6	54.0	3
28	3	26	2	32	5	23.6	54.0	3
28	3	26	2	32	6	23.6	54.0	2
28	3	26	2	32	7	23.5	54.0	3
28	3	26	2	32	8	23.5	54.0	3
28	3	26	2	32	9	23.6	54.0	3
28	3	26	2	32	10	23.6	54.0	1
28	3	26	2	32	11	23.6	54.0	3
28	3	26	2	32	12	23.6	54.0	1
28	3	26	2	32	13	23.6	54.0	1
28	3	26	2	32	14	23.6	54.0	2
28	3	26	2	32	15	23.6	54.0	3
28	3	26	2	32	16	23.6	54.0	3
28	3	26	2	32	17	23.6	54.0	1
28	3	26	2	32	18	23.6	54.0	3
28	3	26	2	32	19	23.6	54.0	1
28	3	26	2	32	20	23.6	54.0	2
28	3	26	2	32	21	23.6	54.0	2
28	3	26	2	32	22	23.6	54.0	1
28	3	26	2	32	23	23.6	54.0	2
28	3	26	2	32	24	23.6	54.0	1
28	3	26	2	32	25	23.6	54.0	2
28	3	26	2	32	26	23.6	54.0	2
28	3	26	2	32	27	23.6	54.0	1
28	3	26	2	32	28	23.6	54.0	1
28	3	26	2	32	29	23.6	54.0	1
28	3	26	2	32	30	23.6	54.0	2
28	3	26	2	32	31	23.6	54.0	3
28	3	26	2	32	32	23.6	54.0	1
28	3	26	2	32	33	23.6	54.0	3
28	3	26	2	32	34	23.6	54.0	2
28	3	26	2	32	35	23.6	54.0	2
28	3	26	2	32	36	23.6	54.0	2
28	3	26	2	32	37	23.6	54.0	3
28	3	26	2	32	38	23.6	54.0	1
28	3	26	2	32	39	23.6	54.0	1
28	3	26	2	32	40	23.6	54.0	1
28	3	26	2	32	41	23.6	54.0	1
28	3	26	2	32	42	23.6	54.0	2
28	3	26	2	32	43	23.6	54.0	1
28	3	26	2	32	44	23.6	54.0	1
28	3	26	2	32	45	23.6	54.0	1
28	3	26	2	32	46	23.6	54.0	3
28	3	26	2	32	47	23.6	54.0	2
28	3	26	2	32	48	23.6	54.0	2
28	3	26	2	32	49	23.6	54.0	1
28	3	26	2	32	50	23.6	54.0	3
28	3	26	2	32	51	23.6	54.0	1
28	3	26	2	32	52	23.6	54.0	2
28	3	26	2	32	53	23.6	54.0	1
28	3	26	2	32	54	23.6	54.0	2
28	3	26	2	32	55	23.6	54.0	3
28	3	26	2	32	56	23.6	54.0	2
28	3	26	2	32	57	23.6	54.0	3
28	3	26	2	32	58	23.6	54.0	2
28	3	26	2	32	59	23.6	54.0	3
28	3	26	2	33	0	23.6	54.0	1
28	3	26	2	33	1	23.6	54.0	3
28	3	26	2	33	2	23.6	54.0	1
28	3	26	2	33	3	23.6	54.0	2
28	3	26	2	33	4	23.6	54.0	3
28	3	26	2	33	5	23.6	54.0	2
28	3	26	2	33	6	23.6	54.0	3
28	3	26	2	33	7	23.6	54.0	1
28	3	26	2	33	8	23.6	54.0	1
28	3	26	2	33	9	23.6	54.0	2
28	3	26	2	33	10	23.6	54.0	1
28	3	26	2	33	11	23.6	54.0	1
28	3	26	2	33	12	23.6	54.0	1
28	3	26	2	33	13	23.6	54.0	2
28	3	26	2	33	14	23.6	54.0	1
28	3	26	2	33	15	23.6	54.0	2
28	3	26	2	33	16	23.6	54.0	3
28	3	26	2	33	17	23.6	54.0	3
28	3	26	2	33	18	23.6	54.0	1
28	3	26	2	33	19	23.6	54.0	2
28	3	26	2	33	20	23.6	54.0	3
28	3	26	2	33	21	23.6	54.0	2
28	3	26	2	33	22	23.6	54.0	2
28	3	26	2	33	23	23.6	54.0	3
28	3	26	2	33	24	23.6	54.0	1
28	3	26	2	33	25	23.6	54.0	3
28	3	26	2	33	26	23.6	54.0	2
28	3	26	2	33	27	23.6	54.0	3
28	3	26	2	33	28	23.6	54.0	1
28	3	26	2	33	29	23.6	54.0	2
28	3	26	2	33	30	23.6	54.0	1
28	3	26	2	33	31	23.6	54.0	2
28	3	26	2	33	32	23.6	54.0	2
28	3	26	2	33	33	23.6	54.0	1
28	3	26	2	33	34	23.6	54.0	2
28	3	26	2	33	35	23.6	54.0	2
28	3	26	2	33	36	23.6	54.0	2
28	3	26	2	33	37	23.6	54.0	2
28	3	26	2	33	38	23.6	54.0	1
28	3	26	2	33	39	23.6	54.0	3
28	3	26	2	33	40	23.6	54.0	2
28	3	26	2	33	41	23.6	54.0	1
28	3	26	2	33	42	23.6	54.0	2
28	3	26	2	33	43	23.6	54.0	2
28	3	26	2	33	44	23.6	54.0	2
28	3	26	2	33	45	23.6	54.0	1
28	3	26	2	33	46	23.6	54.0	3
28	3	26	2	33	47	23.6	54.0	2
28	3	26	2	33	48	23.6	54.0	3
28	3	26	2	33	49	23.6	54.0	3
28	3	26	2	33	50	23.6	54.0	1
28	3	26	2	33	51	23.6	54.0	1
28	3	26	2	33	52	23.6	54.0	2
28	3	26	2	33	53	23.6	54.0	3
28	3	26	2	33	54	23.6	54.0	2
28	3	26	2	33	55	23.6	54.0	2
28	3	26	2	33	56	23.6	54.0	3
28	3	26	2	33	57	23.6	54.0	2
28	3	26	2	33	58	23.6	54.0	3
28	3	26	2	33	59	23.6	54.0	1
28	3	26	2	34	0	23.6	54.0	1
28	3	26	2	34	1	23.6	54.0	3
28	3	26	2	34	2	23.6	54.0	3
28	3	26	2	34	3	23.6	54.0	1
28	3	26	2	34	4	23.6	54.0	2
28	3	26	2	34	5	23.6	54.0	2
28	3	26	2	34	6	23.6	54.0	3
28	3	26	2	34	7	23.6	54.0	1
28	3	26	2	34	8	23.6	54.0	1
28	3	26	2	34	9	23.6	54.0	2
28	3	26	2	34	10	23.6	54.0	2
28	3	26	2	34	11	23.6	54.0	2
28	3	26	2	34	12	23.6	54.0	2
28	3	26	2	34	13	23.6	54.0	2
28	3	26	2	34	14	23.6	54.0	1
28	3	26	2	34	15	23.6	54.0	1
28	3	26	2	34	16	23.6	54.0	3
28	3	26	2	34	17	23.6	54.0	2
28	3	26	2	34	18	23.6	54.0	3
28	3	26	2	34	19	23.6	54.0	1
28	3	26	2	34	20	23.6	54.0	3
28	3	26	2	34	21	23.6	54.0	3
28	3	26	2	34	22	23.6	54.0	2
28	3	26	2	34	23	23.6	54.0	1
28	3	26	2	34	24	23.6	54.0	3
28	3	26	2	34	25	23.6	54.0	2
28	3	26	2	34	26	23.6	54.0	1
28	3	26	2	34	27	23.6	54.0	2
28	3	26	2	34	28	23.6	54.0	1
28	3	26	2	34	29	23.6	54.0	1
28	3	26	2	34	30	23.6	54.0	2
28	3	26	2	34	31	23.6	54.0	3
28	3	26	2	34	32	23.6	54.0	1
28	3	26	2	34	33	23.6	54.0	2
28	3	26	2	34	34	23.6	54.0	1
28	3	26	2	34	35	23.6	54.0	2
28	3	26	2	34	36	23.6	54.0	2
28	3	26	2	34	37	23.6	54.0	2
28	3	26	2	34	38	23.6	54.0	1
28	3	26	2	34	39	23.6	54.0	3
28	3	26	2	34	40	23.6	54.0	1
28	3	26	2	34	41	23.6	54.0	2
28	3	26	2	34	42	23.6	54.0	3
28	3	26	2	34	43	23.6	54.0	2
28	3	26	2	34	44	23.6	54.0	3
28	3	26	2	34	45	23.6	54.0	3
28	3	26	2	34	46	23.6	54.0	2
28	3	26	2	34	47	23.6	54.0	2
28	3	26	2	34	48	23.6	54.0	2
28	3	26	2	34	49	23.6	54.0	2
28	3	26	2	34	50	23.6	54.0	2
28	3	26	2	34	51	23.6	54.0	2
28	3	26	2	34	52	23.6	54.0	3
28	3	26	2	34	53	23.6	54.0	1
28	3	26	2	34	54	23.6	54.0	1
28	3	26	2	34	55	23.6	54.0	2
28	3	26	2	34	56	23.6	54.0	3
28	3	26	2	34	57	23.6	54.0	1
28	3	26	2	34	58	23.6	54.0	2
28	3	26	2	34	59	23.6	54.0	1
28	3	26	2	35	0	23.6	54.0	2
28	3	26	2	35	1	23.6	54.0	2
28	3	26	2	35	2	23.6	54.0	2
28	3	26	2	35	3	23.6	54.0	3
28	3	26	2	35	4	23.6	54.0	1
28	3	26	2	35	5	23.6	54.0	2
28	3	26	2	35	6	23.6	54.0	1
28	3	26	2	35	7	23.6	54.0	2
28	3	26	2	35	8	23.6	54.0	2
28	3	26	2	35	9	23.6	54.0	3
28	3	26	2	35	10	23.6	54.0	2
28	3	26	2	35	11	23.6	54.0	1
28	3	26	2	35	12	23.6	54.0	2
28	3	26	2	35	13	23.6	54.0	3
28	3	26	2	35	14	23.6	54.0	2
28	3	26	2	35	15	23.6	54.0	3
28	3	26	2	35	16	23.6	54.0	1
28	3	26	2	35	17	23.6	54.0	1
28	3	26	2	35	18	23.6	54.0	1
28	3	26	2	35	19	23.6	54.0	1
28	3	26	2	35	20	23.6	54.0	2
28	3	26	2	35	21	23.6	54.0	3
28	3	26	2	35	22	23.6	54.0	1
28	3	26	2	35	23	23.6	54.0	1
28	3	26	2	35	24	23.6	54.0	1
28	3	26	2	35	25	23.6	54.0	3
28	3	26	2	35	26	23.6	54.0	2
28	3	26	2	35	27	23.6	54.0	3
28	3	26	2	35	28	23.6	54.0	1
28	3	26	2	35	29	23.6	54.0	1
28	3	26	2	35	30	23.6	54.0	2
28	3	26	2	35	31	23.6	54.0	3
28	3	26	2	35	32	23.6	54.0	1
28	3	26	2	35	33	23.6	54.0	2
28	3	26	2	35	34	23.6	54.0	1
28	3	26	2	35	35	23.6	54.0	1
28	3	26	2	35	36	23.6	54.0	2
28	3	26	2	35	37	23.6	54.0	3
28	3	26	2	35	38	23.6	54.0	2
28	3	26	2	35	39	23.6	54.0	1
28	3	26	2	35	40	23.6	54.0	1
28	3	26	2	35	41	23.6	54.0	2
28	3	26	2	35	42	23.6	54.0	3
28	3	26	2	35	43	23.6	54.0	1
28	3	26	2	35	44	23.6	54.0	1
28	3	26	2	35	45	23.6	54.0	2
28	3	26	2	35	46	23.6	54.0	1
28	3	26	2	35	47	23.6	54.0	1
28	3	26	2	35	48	23.6	54.0	1
28	3	26	2	35	49	23.6	54.0	1
28	3	26	2	35	50	23.6	54.0	1
28	3	26	2	35	51	23.6	54.0	2
28	3	26	2	35	52	23.6	54.0	3
28	3	26	2	35	53	23.6	54.0	2
28	3	26	2	35	54	23.6	54.0	2
28	3	26	2	35	55	23.6	54.0	2
28	3	26	2	35	56	23.6	54.0	1
28	3	26	2	35	57	23.6	54.0	1
28	3	26	2	35	58	23.6	54.0	1
28	3	26	2	35	59	23.6	54.0	1
28	3	26	2	36	0	23.6	54.0	2
28	3	26	2	36	1	23.6	54.0	3
28	3	26	2	36	2	23.6	54.0	3
28	3	26	2	36	3	23.6	54.0	3
28	3	26	2	36	4	23.6	54.0	2
28	3	26	2	36	5	23.6	54.0	2
28	3	26	2	36	6	23.6	54.0	1
28	3	26	2	36	7	23.6	54.0	3
28	3	26	2	36	8	23.6	54.0	2
28	3	26	2	36	9	23.6	54.0	3
28	3	26	2	36	10	23.6	54.0	2
28	3	26	2	36	11	23.6	54.0	2
28	3	26	2	36	12	23.6	54.0	1
28	3	26	2	36	13	23.6	54.0	2
28	3	26	2	36	14	23.6	54.0	1
28	3	26	2	36	15	23.6	54.0	1
28	3	26	2	36	16	23.6	54.0	1
28	3	26	2	36	17	23.6	54.0	2
28	3	26	2	36	18	23.6	54.0	1
28	3	26	2	36	19	23.6	54.0	1
28	3	26	2	36	20	23.6	54.0	2
28	3	26	2	36	21	23.6	54.0	3
28	3	26	2	36	22	23.6	54.0	2
28	3	26	2	36	23	23.6	54.0	1
28	3	26	2	36	24	23.6	54.0	2
28	3	26	2	36	25	23.6	54.0	1
28	3	26	2	36	26	23.6	54.0	1
28	3	26	2	36	27	23.6	54.0	1
28	3	26	2	36	28	23.6	54.0	1
28	3	26	2	36	29	23.6	54.0	3
28	3	26	2	36	30	23.6	54.0	1
28	3	26	2	36	31	23.6	54.0	1
28	3	26	2	36	32	23.6	54.0	2
28	3	26	2	36	33	23.6	54.0	3
28	3	26	2	36	34	23.6	54.0	1
28	3	26	2	36	35	23.6	54.0	3
28	3	26	2	36	36	23.6	54.0	1
28	3	26	2	36	37	23.6	54.0	1
28	3	26	2	36	38	23.6	54.0	2
28	3	26	2	36	39	23.6	54.0	2
28	3	26	2	36	40	23.6	54.0	1
28	3	26	2	36	41	23.6	54.0	2
28	3	26	2	36	42	23.6	54.0	1
28	3	26	2	36	43	23.6	54.0	2
28	3	26	2	36	44	23.6	54.0	1
28	3	26	2	36	45	23.6	53.0	1
28	3	26	2	36	46	23.6	53.0	2
28	3	26	2	36	47	23.6	53.0	2
28	3	26	2	36	48	23.6	53.0	1
28	3	26	2	36	49	23.6	53.0	1
28	3	26	2	36	50	23.6	53.0	1
28	3	26	2	36	51	23.6	53.0	2
28	3	26	2	36	52	23.6	53.0	2
28	3	26	2	36	53	23.6	53.0	2
28	3	26	2	36	54	23.6	53.0	2
28	3	26	2	36	55	23.6	53.0	3
28	3	26	2	36	56	23.6	53.0	3
28	3	26	2	36	57	23.6	53.0	2
28	3	26	2	36	58	23.6	53.0	2
28	3	26	2	36	59	23.6	53.0	1
28	3	26	2	37	0	23.6	53.0	2
28	3	26	2	37	1	23.6	53.0	1
28	3	26	2	37	2	23.6	53.0	1
28	3	26	2	37	3	23.6	53.0	2
28	3	26	2	37	4	23.6	53.0	1
28	3	26	2	37	5	23.6	53.0	2
28	3	26	2	37	6	23.6	53.0	1
28	3	26	2	37	7	23.6	53.0	2
28	3	26	2	37	8	23.6	53.0	1
28	3	26	2	37	9	23.6	53.0	3
28	3	26	2	37	10	23.6	53.0	3
28	3	26	2	37	11	23.6	53.0	1
28	3	26	2	37	12	23.6	53.0	1
28	3	26	2	37	13	23.6	53.0	2
28	3	26	2	37	14	23.6	53.0	1
28	3	26	2	37	15	23.6	53.0	2
28	3	26	2	37	16	23.6	53.0	1
28	3	26	2	37	17	23.6	53.0	2
28	3	26	2	37	18	23.6	53.0	1
28	3	26	2	37	19	23.6	53.0	2
28	3	26	2	37	20	23.6	53.0	3
28	3	26	2	37	21	23.6	53.0	2
28	3	26	2	37	22	23.6	53.0	3
28	3	26	2	37	23	23.6	53.0	1
28	3	26	2	37	24	23.6	53.0	3
28	3	26	2	37	25	23.6	53.0	1
28	3	26	2	37	26	23.6	54.0	2
28	3	26	2	37	27	23.6	54.0	3
28	3	26	2	37	28	23.6	54.0	2
28	3	26	2	37	29	23.6	54.0	3
28	3	26	2	37	30	23.6	54.0	2
28	3	26	2	37	31	23.6	54.0	3
28	3	26	2	37	32	23.6	54.0	1
28	3	26	2	37	33	23.6	54.0	2
28	3	26	2	37	34	23.6	54.0	2
28	3	26	2	37	35	23.6	54.0	1
28	3	26	2	37	36	23.6	54.0	3
28	3	26	2	37	37	23.6	54.0	3
28	3	26	2	37	38	23.6	54.0	2
28	3	26	2	37	39	23.6	54.0	2
28	3	26	2	37	40	23.6	54.0	1
28	3	26	2	37	41	23.6	54.0	2
28	3	26	2	37	42	23.6	54.0	1
28	3	26	2	37	43	23.6	54.0	2
28	3	26	2	37	44	23.6	54.0	3
28	3	26	2	37	45	23.6	54.0	1
28	3	26	2	37	46	23.6	54.0	2
28	3	26	2	37	47	23.6	54.0	1
28	3	26	2	37	48	23.6	54.0	2
28	3	26	2	37	49	23.6	54.0	1
28	3	26	2	37	50	23.6	54.0	2
28	3	26	2	37	51	23.6	54.0	2
28	3	26	2	37	52	23.6	54.0	3
28	3	26	2	37	53	23.6	54.0	1
28	3	26	2	37	54	23.6	54.0	2
28	3	26	2	37	55	23.6	54.0	2
28	3	26	2	37	56	23.6	54.0	2
28	3	26	2	37	57	23.6	54.0	1
28	3	26	2	37	58	23.6	54.0	1
28	3	26	2	37	59	23.6	54.0	3
28	3	26	2	38	0	23.6	54.0	3
28	3	26	2	38	1	23.6	54.0	3
28	3	26	2	38	2	23.6	54.0	2
28	3	26	2	38	3	23.6	54.0	2
28	3	26	2	38	4	23.6	54.0	1
28	3	26	2	38	5	23.6	54.0	3
28	3	26	2	38	6	23.6	54.0	1
28	3	26	2	38	7	23.6	54.0	1
28	3	26	2	38	8	23.6	54.0	3
28	3	26	2	38	9	23.6	54.0	3
28	3	26	2	38	10	23.6	54.0	1
28	3	26	2	38	11	23.6	54.0	3
28	3	26	2	38	12	23.6	54.0	3
28	3	26	2	38	13	23.6	54.0	2
28	3	26	2	38	14	23.6	54.0	1
28	3	26	2	38	15	23.6	54.0	3
28	3	26	2	38	16	23.6	54.0	2
28	3	26	2	38	17	23.6	54.0	1
28	3	26	2	38	18	23.6	54.0	3
28	3	26	2	38	19	23.6	54.0	3
28	3	26	2	38	20	23.6	54.0	3
28	3	26	2	38	21	23.6	54.0	3
28	3	26	2	38	22	23.6	54.0	1
28	3	26	2	38	23	23.6	54.0	1
28	3	26	2	38	24	23.6	54.0	1
28	3	26	2	38	25	23.6	54.0	3
28	3	26	2	38	26	23.6	54.0	2
28	3	26	2	38	27	23.6	54.0	2
28	3	26	2	38	28	23.6	54.0	3
28	3	26	2	38	29	23.6	54.0	2
28	3	26	2	38	30	23.6	53.0	2
28	3	26	2	38	31	23.6	53.0	2
28	3	26	2	38	32	23.6	53.0	3
28	3	26	2	38	33	23.6	53.0	2
28	3	26	2	38	34	23.6	54.0	1
28	3	26	2	38	35	23.6	54.0	2
28	3	26	2	38	36	23.6	54.0	2
28	3	26	2	38	37	23.6	54.0	2
28	3	26	2	38	38	23.6	54.0	2
28	3	26	2	38	39	23.6	53.0	2
28	3	26	2	38	40	23.6	53.0	2
28	3	26	2	38	41	23.6	53.0	2
28	3	26	2	38	42	23.6	53.0	2
28	3	26	2	38	43	23.6	53.0	1
28	3	26	2	38	44	23.6	53.0	2
28	3	26	2	38	45	23.6	53.0	1
28	3	26	2	38	46	23.6	54.0	2
28	3	26	2	38	47	23.6	54.0	2
28	3	26	2	38	48	23.6	53.0	2
28	3	26	2	38	49	23.6	53.0	2
28	3	26	2	38	50	23.6	54.0	2
28	3	26	2	38	51	23.6	54.0	2
28	3	26	2	38	52	23.6	54.0	2
28	3	26	2	38	53	23.6	53.0	2
28	3	26	2	38	54	23.6	53.0	1
28	3	26	2	38	55	23.6	53.0	1
28	3	26	2	38	56	23.6	53.0	3
28	3	26	2	38	57	23.6	53.0	3
28	3	26	2	38	58	23.6	53.0	3
28	3	26	2	38	59	23.6	53.0	1
28	3	26	2	39	0	23.6	53.0	1
28	3	26	2	39	1	23.6	53.0	2
28	3	26	2	39	2	23.6	53.0	2
28	3	26	2	39	3	23.6	53.0	2
28	3	26	2	39	4	23.6	53.0	2
28	3	26	2	39	5	23.6	53.0	2
28	3	26	2	39	6	23.6	53.0	2
28	3	26	2	39	7	23.6	53.0	1
28	3	26	2	39	8	23.6	53.0	3
28	3	26	2	39	9	23.6	53.0	2
28	3	26	2	39	10	23.6	53.0	1
28	3	26	2	39	11	23.6	53.0	1
28	3	26	2	39	12	23.6	53.0	2
28	3	26	2	39	13	23.6	53.0	3
28	3	26	2	39	14	23.6	53.0	2
28	3	26	2	39	15	23.6	53.0	1
28	3	26	2	39	16	23.6	53.0	1
28	3	26	2	39	17	23.6	53.0	2
28	3	26	2	39	18	23.6	53.0	2
28	3	26	2	39	19	23.6	53.0	1
28	3	26	2	39	20	23.6	53.0	1
28	3	26	2	39	21	23.6	53.0	2
28	3	26	2	39	22	23.6	54.0	2
28	3	26	2	39	23	23.6	54.0	2
28	3	26	2	39	24	23.6	53.0	2
28	3	26	2	39	25	23.6	53.0	1
28	3	26	2	39	26	23.6	53.0	3
28	3	26	2	39	27	23.6	54.0	2
28	3	26	2	39	28	23.6	54.0	2
28	3	26	2	39	29	23.6	54.0	2
28	3	26	2	39	30	23.6	54.0	1
28	3	26	2	39	31	23.6	54.0	2
28	3	26	2	39	32	23.6	54.0	2
28	3	26	2	39	33	23.6	54.0	2
28	3	26	2	39	34	23.6	54.0	1
28	3	26	2	39	35	23.6	54.0	3
28	3	26	2	39	36	23.6	54.0	3
28	3	26	2	39	37	23.6	54.0	1
28	3	26	2	39	38	23.6	54.0	2
28	3	26	2	39	39	23.6	54.0	2
28	3	26	2	39	40	23.6	53.0	2
28	3	26	2	39	41	23.6	53.0	2
28	3	26	2	39	42	23.6	53.0	2
28	3	26	2	39	43	23.6	53.0	3
28	3	26	2	39	44	23.6	53.0	3
28	3	26	2	39	45	23.6	53.0	1
28	3	26	2	39	46	23.6	53.0	1
28	3	26	2	39	47	23.6	53.0	3
28	3	26	2	39	48	23.6	53.0	2
28	3	26	2	39	49	23.6	53.0	1
28	3	26	2	39	50	23.6	54.0	1
28	3	26	2	39	51	23.6	54.0	2
28	3	26	2	39	52	23.6	54.0	2
28	3	26	2	39	53	23.6	54.0	1
28	3	26	2	39	54	23.6	54.0	3
28	3	26	2	39	55	23.6	54.0	3
28	3	26	2	39	56	23.6	54.0	3
28	3	26	2	39	57	23.6	54.0	1
28	3	26	2	39	58	23.6	54.0	2
28	3	26	2	39	59	23.6	54.0	3
28	3	26	2	40	0	23.6	54.0	2
28	3	26	2	40	1	23.6	54.0	1
28	3	26	2	40	2	23.6	54.0	1
28	3	26	2	40	3	23.6	54.0	3
28	3	26	2	40	4	23.6	54.0	2
28	3	26	2	40	5	23.6	54.0	1
28	3	26	2	40	6	23.6	54.0	1
28	3	26	2	40	7	23.6	54.0	3
28	3	26	2	40	8	23.6	54.0	3
28	3	26	2	40	9	23.6	54.0	3
28	3	26	2	40	10	23.6	54.0	1
28	3	26	2	40	11	23.6	54.0	1
28	3	26	2	40	12	23.6	54.0	1
28	3	26	2	40	13	23.6	54.0	3
28	3	26	2	40	14	23.6	54.0	3
28	3	26	2	40	15	23.6	54.0	3
28	3	26	2	40	16	23.6	54.0	1
28	3	26	2	40	17	23.6	54.0	2
28	3	26	2	40	18	23.6	54.0	1
28	3	26	2	40	19	23.6	54.0	3
28	3	26	2	40	20	23.6	54.0	2
28	3	26	2	40	21	23.6	54.0	1
28	3	26	2	40	22	23.6	54.0	1
28	3	26	2	40	23	23.6	54.0	3
28	3	26	2	40	24	23.6	54.0	2
28	3	26	2	40	25	23.6	54.0	2
28	3	26	2	40	26	23.6	54.0	1
28	3	26	2	40	27	23.6	54.0	1
28	3	26	2	40	28	23.6	54.0	2
28	3	26	2	40	29	23.6	54.0	2
28	3	26	2	40	30	23.6	54.0	1
28	3	26	2	40	31	23.6	54.0	2
28	3	26	2	40	32	23.6	54.0	3
28	3	26	2	40	33	23.6	54.0	3
28	3	26	2	40	34	23.6	54.0	3
28	3	26	2	40	35	23.6	54.0	2
28	3	26	2	40	36	23.6	54.0	2
28	3	26	2	40	37	23.6	54.0	1
28	3	26	2	40	38	23.6	54.0	2
28	3	26	2	40	39	23.6	54.0	1
28	3	26	2	40	40	23.6	54.0	2
28	3	26	2	40	41	23.6	54.0	3
28	3	26	2	40	42	23.6	54.0	1
28	3	26	2	40	43	23.6	54.0	3
28	3	26	2	40	44	23.6	54.0	1
28	3	26	2	40	45	23.6	54.0	2
28	3	26	2	40	46	23.6	54.0	1
28	3	26	2	40	47	23.6	54.0	1
28	3	26	2	40	48	23.6	54.0	2
28	3	26	2	40	49	23.6	54.0	3
28	3	26	2	40	50	23.6	54.0	3
28	3	26	2	40	51	23.6	54.0	2
28	3	26	2	40	52	23.6	54.0	1
28	3	26	2	40	53	23.6	54.0	3
28	3	26	2	40	54	23.6	54.0	1
28	3	26	2	40	55	23.6	54.0	3
28	3	26	2	40	56	23.6	54.0	3
28	3	26	2	40	57	23.6	54.0	1
28	3	26	2	40	58	23.6	53.0	1
28	3	26	2	40	59	23.6	53.0	1
28	3	26	2	41	0	23.6	53.0	3
28	3	26	2	41	1	23.6	53.0	3
28	3	26	2	41	2	23.6	53.0	3
28	3	26	2	41	3	23.6	53.0	3
28	3	26	2	41	4	23.6	53.0	1
28	3	26	2	41	5	23.6	53.0	1
28	3	26	2	41	6	23.6	53.0	1
28	3	26	2	41	7	23.6	53.0	2
28	3	26	2	41	8	23.6	53.0	1
28	3	26	2	41	9	23.6	53.0	2
28	3	26	2	41	10	23.6	53.0	1
28	3	26	2	41	11	23.6	53.0	3
28	3	26	2	41	12	23.6	53.0	3
28	3	26	2	41	13	23.6	53.0	1
28	3	26	2	41	14	23.6	53.0	1
28	3	26	2	41	15	23.6	53.0	1
28	3	26	2	41	16	23.6	53.0	3
28	3	26	2	41	17	23.6	53.0	2
28	3	26	2	41	18	23.6	53.0	3
28	3	26	2	41	19	23.6	53.0	3
28	3	26	2	41	20	23.6	53.0	2
28	3	26	2	41	21	23.6	53.0	2
28	3	26	2	41	22	23.6	53.0	2
28	3	26	2	41	23	23.6	54.0	2
28	3	26	2	41	24	23.6	54.0	1
28	3	26	2	41	25	23.6	54.0	3
28	3	26	2	41	26	23.6	54.0	2
28	3	26	2	41	27	23.6	54.0	1
28	3	26	2	41	28	23.6	54.0	1
28	3	26	2	41	29	23.6	54.0	3
28	3	26	2	41	30	23.6	54.0	3
28	3	26	2	41	31	23.6	54.0	3
28	3	26	2	41	32	23.6	54.0	2
28	3	26	2	41	33	23.6	54.0	2
28	3	26	2	41	34	23.6	54.0	1
28	3	26	2	41	35	23.6	54.0	3
28	3	26	2	41	36	23.6	54.0	1
28	3	26	2	41	37	23.6	54.0	1
28	3	26	2	41	38	23.6	54.0	2
28	3	26	2	41	39	23.6	54.0	3
28	3	26	2	41	40	23.6	54.0	2
28	3	26	2	41	41	23.6	54.0	1
28	3	26	2	41	42	23.6	54.0	2
28	3	26	2	41	43	23.6	54.0	3
28	3	26	2	41	44	23.6	54.0	2
28	3	26	2	41	45	23.6	54.0	2
28	3	26	2	41	46	23.6	54.0	3
28	3	26	2	41	47	23.6	54.0	3
28	3	26	2	41	48	23.6	54.0	1
28	3	26	2	41	49	23.6	54.0	2
28	3	26	2	41	50	23.6	54.0	2
28	3	26	2	41	51	23.6	54.0	3
28	3	26	2	41	52	23.6	54.0	2
28	3	26	2	41	53	23.6	54.0	2
28	3	26	2	41	54	23.6	54.0	1
28	3	26	2	41	55	23.6	54.0	2
28	3	26	2	41	56	23.6	54.0	1
28	3	26	2	41	57	23.6	54.0	1
28	3	26	2	41	58	23.6	54.0	1
28	3	26	2	41	59	23.6	54.0	1
28	3	26	2	42	0	23.6	54.0	1
28	3	26	2	42	1	23.6	54.0	3
28	3	26	2	42	2	23.6	54.0	3
28	3	26	2	42	3	23.6	54.0	3
28	3	26	2	42	4	23.6	54.0	2
28	3	26	2	42	5	23.6	54.0	2
28	3	26	2	42	6	23.6	54.0	1
28	3	26	2	42	7	23.6	54.0	3
28	3	26	2	42	8	23.6	54.0	1
28	3	26	2	42	9	23.6	54.0	1
28	3	26	2	42	10	23.6	54.0	2
28	3	26	2	42	11	23.6	54.0	2
28	3	26	2	42	12	23.6	54.0	3
28	3	26	2	42	13	23.6	54.0	1
28	3	26	2	42	14	23.6	54.0	1
28	3	26	2	42	15	23.6	54.0	3
28	3	26	2	42	16	23.6	54.0	1
28	3	26	2	42	17	23.6	54.0	2
28	3	26	2	42	18	23.6	54.0	3
28	3	26	2	42	19	23.6	54.0	1
28	3	26	2	42	20	23.6	54.0	2
28	3	26	2	42	21	23.6	54.0	2
28	3	26	2	42	22	23.6	54.0	1
28	3	26	2	42	23	23.6	54.0	2
28	3	26	2	42	24	23.6	54.0	2
28	3	26	2	42	25	23.6	54.0	3
28	3	26	2	42	26	23.6	54.0	2
28	3	26	2	42	27	23.6	54.0	1
28	3	26	2	42	28	23.6	54.0	1
28	3	26	2	42	29	23.6	54.0	3
28	3	26	2	42	30	23.6	54.0	3
28	3	26	2	42	31	23.6	54.0	3
28	3	26	2	42	32	23.6	54.0	2
28	3	26	2	42	33	23.6	54.0	2
28	3	26	2	42	34	23.6	54.0	2
28	3	26	2	42	35	23.6	54.0	3
28	3	26	2	42	36	23.6	54.0	1
28	3	26	2	42	37	23.6	54.0	2
28	3	26	2	42	38	23.6	54.0	3
28	3	26	2	42	39	23.6	54.0	3
28	3	26	2	42	40	23.6	54.0	1
28	3	26	2	42	41	23.6	54.0	1
28	3	26	2	42	42	23.6	54.0	3
28	3	26	2	42	43	23.6	54.0	2
28	3	26	2	42	44	23.6	54.0	2
28	3	26	2	42	45	23.6	54.0	1
28	3	26	2	42	46	23.6	54.0	3
28	3	26	2	42	47	23.6	54.0	3
28	3	26	2	42	48	23.6	54.0	2
28	3	26	2	42	49	23.6	54.0	1
28	3	26	2	42	50	23.6	54.0	1
28	3	26	2	42	51	23.6	54.0	2
28	3	26	2	42	52	23.6	54.0	2
28	3	26	2	42	53	23.6	54.0	1
28	3	26	2	42	54	23.6	54.0	1
28	3	26	2	42	55	23.6	54.0	1
28	3	26	2	42	56	23.6	54.0	2
28	3	26	2	42	57	23.6	54.0	2
28	3	26	2	42	58	23.6	54.0	2
28	3	26	2	42	59	23.6	54.0	3
28	3	26	2	43	0	23.6	54.0	1
28	3	26	2	43	1	23.6	54.0	1
28	3	26	2	43	2	23.6	54.0	3
28	3	26	2	43	3	23.6	54.0	3
28	3	26	2	43	4	23.6	54.0	2
28	3	26	2	43	5	23.6	54.0	1
28	3	26	2	43	6	23.6	54.0	1
28	3	26	2	43	7	23.6	54.0	3
28	3	26	2	43	8	23.6	54.0	1
28	3	26	2	43	9	23.6	54.0	2
28	3	26	2	43	10	23.6	54.0	3
28	3	26	2	43	11	23.6	54.0	2
28	3	26	2	43	12	23.6	54.0	3
28	3	26	2	43	13	23.6	54.0	2
28	3	26	2	43	14	23.6	54.0	1
28	3	26	2	43	15	23.6	54.0	1
28	3	26	2	43	16	23.6	54.0	1
28	3	26	2	43	17	23.6	54.0	1
28	3	26	2	43	18	23.6	54.0	3
28	3	26	2	43	19	23.6	54.0	3
28	3	26	2	43	20	23.6	54.0	3
28	3	26	2	43	21	23.6	54.0	1
28	3	26	2	43	22	23.6	54.0	2
28	3	26	2	43	23	23.6	54.0	2
28	3	26	2	43	24	23.6	54.0	2
28	3	26	2	43	25	23.6	54.0	1
28	3	26	2	43	26	23.6	54.0	1
28	3	26	2	43	27	23.6	54.0	3
28	3	26	2	43	28	23.6	54.0	3
28	3	26	2	43	29	23.6	54.0	1
28	3	26	2	43	30	23.6	54.0	3
28	3	26	2	43	31	23.6	54.0	3
28	3	26	2	43	32	23.6	54.0	2
28	3	26	2	43	33	23.6	54.0	3
28	3	26	2	43	34	23.6	54.0	2
28	3	26	2	43	35	23.6	54.0	1
28	3	26	2	43	36	23.6	54.0	2
28	3	26	2	43	37	23.6	54.0	1
28	3	26	2	43	38	23.6	54.0	1
28	3	26	2	43	39	23.6	54.0	3
28	3	26	2	43	40	23.6	54.0	1
28	3	26	2	43	41	23.6	54.0	2
28	3	26	2	43	42	23.6	54.0	1
28	3	26	2	43	43	23.6	54.0	2
28	3	26	2	43	44	23.6	54.0	2
28	3	26	2	43	45	23.6	54.0	3
28	3	26	2	43	46	23.6	54.0	3
28	3	26	2	43	47	23.6	54.0	1
28	3	26	2	43	48	23.6	54.0	2
28	3	26	2	43	49	23.6	54.0	1
28	3	26	2	43	50	23.6	54.0	3
28	3	26	2	43	51	23.6	54.0	3
28	3	26	2	43	52	23.6	54.0	1
28	3	26	2	43	53	23.6	54.0	1
28	3	26	2	43	54	23.6	54.0	3
28	3	26	2	43	55	23.6	54.0	1
28	3	26	2	43	56	23.6	54.0	1
28	3	26	2	43	57	23.6	54.0	3
28	3	26	2	43	58	23.6	54.0	3
28	3	26	2	43	59	23.6	54.0	2
28	3	26	2	44	0	23.6	54.0	1
28	3	26	2	44	1	23.6	54.0	3
28	3	26	2	44	2	23.6	54.0	3
28	3	26	2	44	3	23.6	54.0	1
28	3	26	2	44	4	23.6	54.0	2
28	3	26	2	44	5	23.6	54.0	2
28	3	26	2	44	6	23.6	54.0	2
28	3	26	2	44	7	23.6	54.0	1
28	3	26	2	44	8	23.6	54.0	3
28	3	26	2	44	9	23.6	54.0	2
28	3	26	2	44	10	23.6	54.0	2
28	3	26	2	44	11	23.6	54.0	3
28	3	26	2	44	12	23.6	54.0	2
28	3	26	2	44	13	23.6	54.0	1
28	3	26	2	44	14	23.6	54.0	2
28	3	26	2	44	15	23.6	54.0	1
28	3	26	2	44	16	23.6	54.0	2
28	3	26	2	44	17	23.6	54.0	1
28	3	26	2	44	18	23.6	54.0	1
28	3	26	2	44	19	23.6	54.0	2
28	3	26	2	44	20	23.6	54.0	2
28	3	26	2	44	21	23.6	54.0	1
28	3	26	2	44	22	23.6	54.0	1
28	3	26	2	44	23	23.6	54.0	1
28	3	26	2	44	24	23.6	54.0	2
28	3	26	2	44	25	23.6	54.0	1
28	3	26	2	44	26	23.6	54.0	3
28	3	26	2	44	27	23.6	54.0	3
28	3	26	2	44	28	23.6	54.0	2
28	3	26	2	44	29	23.6	54.0	2
28	3	26	2	44	30	23.6	54.0	3
28	3	26	2	44	31	23.6	54.0	1
28	3	26	2	44	32	23.6	54.0	1
28	3	26	2	44	33	23.6	54.0	1
28	3	26	2	44	34	23.6	54.0	2
28	3	26	2	44	35	23.6	54.0	2
28	3	26	2	44	36	23.6	54.0	1
28	3	26	2	44	37	23.6	54.0	1
28	3	26	2	44	38	23.6	54.0	2
28	3	26	2	44	39	23.6	54.0	2
28	3	26	2	44	40	23.6	54.0	1
28	3	26	2	44	41	23.6	54.0	1
28	3	26	2	44	42	23.6	54.0	3
28	3	26	2	44	43	23.6	54.0	2
28	3	26	2	44	44	23.6	54.0	2
28	3	26	2	44	45	23.6	54.0	1
28	3	26	2	44	46	23.6	54.0	3
28	3	26	2	44	47	23.6	54.0	2
28	3	26	2	44	48	23.6	54.0	2
28	3	26	2	44	49	23.6	54.0	2
28	3	26	2	44	50	23.6	54.0	2
28	3	26	2	44	51	23.6	54.0	1
28	3	26	2	44	52	23.6	54.0	3
28	3	26	2	44	53	23.6	54.0	2
28	3	26	2	44	54	23.6	54.0	3
28	3	26	2	44	55	23.6	54.0	1
28	3	26	2	44	56	23.6	54.0	1
28	3	26	2	44	57	23.6	54.0	1
28	3	26	2	44	58	23.6	54.0	2
28	3	26	2	44	59	23.6	54.0	2
28	3	26	2	45	0	23.6	54.0	2
28	3	26	2	45	1	23.6	54.0	3
28	3	26	2	45	2	23.6	54.0	1
28	3	26	2	45	3	23.6	54.0	2
28	3	26	2	45	4	23.6	54.0	3
28	3	26	2	45	5	23.6	54.0	2
28	3	26	2	45	6	23.6	54.0	3
28	3	26	2	45	7	23.6	54.0	2
28	3	26	2	45	8	23.6	54.0	3
28	3	26	2	45	9	23.6	54.0	1
28	3	26	2	45	10	23.6	54.0	1
28	3	26	2	45	11	23.5	54.0	1
28	3	26	2	45	12	23.5	54.0	3
28	3	26	2	45	13	23.5	54.0	1
28	3	26	2	45	14	23.6	54.0	2
28	3	26	2	45	15	23.6	54.0	2
28	3	26	2	45	16	23.5	54.0	1
28	3	26	2	45	17	23.5	54.0	2
28	3	26	2	45	18	23.6	54.0	1
28	3	26	2	45	19	23.6	54.0	2
28	3	26	2	45	20	23.6	54.0	2
28	3	26	2	45	21	23.6	54.0	3
28	3	26	2	45	22	23.6	54.0	2
28	3	26	2	45	23	23.5	54.0	3
28	3	26	2	45	24	23.5	54.0	2
28	3	26	2	45	25	23.6	54.0	2
28	3	26	2	45	26	23.6	54.0	3
28	3	26	2	45	27	23.6	54.0	2
28	3	26	2	45	28	23.6	54.0	1
28	3	26	2	45	29	23.6	54.0	2
28	3	26	2	45	30	23.6	54.0	1
28	3	26	2	45	31	23.6	54.0	3
28	3	26	2	45	32	23.5	54.0	2
28	3	26	2	45	33	23.5	54.0	1
28	3	26	2	45	34	23.5	54.0	1
28	3	26	2	45	35	23.5	54.0	3
28	3	26	2	45	36	23.6	54.0	2
28	3	26	2	45	37	23.6	54.0	3
28	3	26	2	45	38	23.6	54.0	1
28	3	26	2	45	39	23.6	54.0	2
28	3	26	2	45	40	23.6	54.0	1
28	3	26	2	45	41	23.6	54.0	3
28	3	26	2	45	42	23.6	54.0	1
28	3	26	2	45	43	23.6	54.0	3
28	3	26	2	45	44	23.6	54.0	2
28	3	26	2	45	45	23.6	54.0	2
28	3	26	2	45	46	23.6	54.0	2
28	3	26	2	45	47	23.6	54.0	1
28	3	26	2	45	48	23.6	54.0	1
28	3	26	2	45	49	23.6	54.0	3
28	3	26	2	45	50	23.6	54.0	2
28	3	26	2	45	51	23.6	54.0	1
28	3	26	2	45	52	23.5	54.0	1
28	3	26	2	45	53	23.5	54.0	3
28	3	26	2	45	54	23.5	54.0	3
28	3	26	2	45	55	23.5	54.0	1
28	3	26	2	45	56	23.5	54.0	3
28	3	26	2	45	57	23.5	54.0	3
28	3	26	2	45	58	23.5	54.0	3
28	3	26	2	45	59	23.5	54.0	2
28	3	26	2	46	0	23.5	54.0	2
28	3	26	2	46	1	23.5	54.0	3
28	3	26	2	46	2	23.5	54.0	3
28	3	26	2	46	3	23.5	54.0	1
28	3	26	2	46	4	23.5	54.0	1
28	3	26	2	46	5	23.5	54.0	1
28	3	26	2	46	6	23.5	54.0	3
28	3	26	2	46	7	23.5	54.0	1
28	3	26	2	46	8	23.5	54.0	1
28	3	26	2	46	9	23.5	54.0	1
28	3	26	2	46	10	23.5	54.0	1
28	3	26	2	46	11	23.5	54.0	2
28	3	26	2	46	12	23.6	54.0	2
28	3	26	2	46	13	23.6	54.0	1
28	3	26	2	46	14	23.6	54.0	1
28	3	26	2	46	15	23.6	54.0	1
28	3	26	2	46	16	23.6	54.0	3
28	3	26	2	46	17	23.6	54.0	1
28	3	26	2	46	18	23.6	54.0	1
28	3	26	2	46	19	23.6	54.0	3
28	3	26	2	46	20	23.6	54.0	3
28	3	26	2	46	21	23.5	54.0	2
28	3	26	2	46	22	23.5	54.0	2
28	3	26	2	46	23	23.5	54.0	3
28	3	26	2	46	24	23.5	54.0	3
28	3	26	2	46	25	23.5	54.0	2
28	3	26	2	46	26	23.5	54.0	2
28	3	26	2	46	27	23.5	54.0	3
28	3	26	2	46	28	23.5	54.0	2
28	3	26	2	46	29	23.5	54.0	2
28	3	26	2	46	30	23.5	54.0	2
28	3	26	2	46	31	23.5	54.0	2
28	3	26	2	46	32	23.5	54.0	1
28	3	26	2	46	33	23.5	54.0	1
28	3	26	2	46	34	23.5	54.0	3
28	3	26	2	46	35	23.5	54.0	2
28	3	26	2	46	36	23.5	54.0	3
28	3	26	2	46	37	23.5	54.0	1
28	3	26	2	46	38	23.5	54.0	2
28	3	26	2	46	39	23.5	54.0	2
28	3	26	2	46	40	23.5	54.0	2
28	3	26	2	46	41	23.5	54.0	3
28	3	26	2	46	42	23.6	54.0	3
28	3	26	2	46	43	23.6	54.0	3
28	3	26	2	46	44	23.6	54.0	2
28	3	26	2	46	45	23.6	54.0	2
28	3	26	2	46	46	23.5	54.0	2
28	3	26	2	46	47	23.5	54.0	2
28	3	26	2	46	48	23.6	54.0	1
28	3	26	2	46	49	23.6	54.0	1
28	3	26	2	46	50	23.6	54.0	1
28	3	26	2	46	51	23.5	54.0	1
28	3	26	2	46	52	23.5	54.0	3
28	3	26	2	46	53	23.6	54.0	3
28	3	26	2	46	54	23.6	54.0	2
28	3	26	2	46	55	23.5	54.0	2
28	3	26	2	46	56	23.5	54.0	2
28	3	26	2	46	57	23.5	54.0	2
28	3	26	2	46	58	23.5	54.0	2
28	3	26	2	46	59	23.5	54.0	2
28	3	26	2	47	0	23.5	54.0	2
28	3	26	2	47	1	23.5	54.0	3
28	3	26	2	47	2	23.5	54.0	2
28	3	26	2	47	3	23.5	54.0	1
28	3	26	2	47	4	23.5	54.0	2
28	3	26	2	47	5	23.5	54.0	2
28	3	26	2	47	6	23.5	54.0	1
28	3	26	2	47	7	23.6	54.0	2
28	3	26	2	47	8	23.6	54.0	1
28	3	26	2	47	9	23.5	54.0	2
28	3	26	2	47	10	23.5	54.0	2
28	3	26	2	47	11	23.6	54.0	1
28	3	26	2	47	12	23.6	54.0	2
28	3	26	2	47	13	23.6	54.0	2
28	3	26	2	47	14	23.6	54.0	3
28	3	26	2	47	15	23.6	54.0	2
28	3	26	2	47	16	23.6	54.0	2
28	3	26	2	47	17	23.6	54.0	1
28	3	26	2	47	18	23.5	54.0	2
28	3	26	2	47	19	23.5	54.0	2
28	3	26	2	47	20	23.6	54.0	3
28	3	26	2	47	21	23.6	54.0	2
28	3	26	2	47	22	23.6	54.0	2
28	3	26	2	47	23	23.6	54.0	3
28	3	26	2	47	24	23.6	54.0	1
28	3	26	2	47	25	23.6	54.0	2
28	3	26	2	47	26	23.6	54.0	2
28	3	26	2	47	27	23.6	54.0	2
28	3	26	2	47	28	23.6	54.0	2
28	3	26	2	47	29	23.5	54.0	1
28	3	26	2	47	30	23.5	54.0	1
28	3	26	2	47	31	23.5	54.0	3
28	3	26	2	47	32	23.5	54.0	1
28	3	26	2	47	33	23.5	54.0	3
28	3	26	2	47	34	23.5	54.0	1
28	3	26	2	47	35	23.5	54.0	3
28	3	26	2	47	36	23.5	54.0	3
28	3	26	2	47	37	23.5	54.0	2
28	3	26	2	47	38	23.5	54.0	2
28	3	26	2	47	39	23.5	54.0	3
28	3	26	2	47	40	23.6	54.0	1
28	3	26	2	47	41	23.6	54.0	2
28	3	26	2	47	42	23.6	54.0	3
28	3	26	2	47	43	23.6	54.0	2
28	3	26	2	47	44	23.6	54.0	3
28	3	26	2	47	45	23.5	54.0	3
28	3	26	2	47	46	23.5	54.0	1
28	3	26	2	47	47	23.6	54.0	1
28	3	26	2	47	48	23.6	54.0	1
28	3	26	2	47	49	23.6	54.0	1
28	3	26	2	47	50	23.6	54.0	2
28	3	26	2	47	51	23.6	54.0	3
28	3	26	2	47	52	23.6	54.0	3
28	3	26	2	47	53	23.6	54.0	1
28	3	26	2	47	54	23.6	54.0	2
28	3	26	2	47	55	23.6	54.0	3
28	3	26	2	47	56	23.6	54.0	2
28	3	26	2	47	57	23.6	54.0	2
28	3	26	2	47	58	23.5	54.0	2
28	3	26	2	47	59	23.5	54.0	1
28	3	26	2	48	0	23.6	54.0	3
28	3	26	2	48	1	23.6	54.0	3
28	3	26	2	48	2	23.6	54.0	1
28	3	26	2	48	3	23.6	54.0	1
28	3	26	2	48	4	23.6	54.0	3
28	3	26	2	48	5	23.6	54.0	3
28	3	26	2	48	6	23.6	54.0	3
28	3	26	2	48	7	23.6	54.0	1
28	3	26	2	48	8	23.6	54.0	1
28	3	26	2	48	9	23.6	54.0	3
28	3	26	2	48	10	23.6	54.0	1
28	3	26	2	48	11	23.6	54.0	2
28	3	26	2	48	12	23.6	54.0	1
28	3	26	2	48	13	23.6	54.0	3
28	3	26	2	48	14	23.6	54.0	3
28	3	26	2	48	15	23.6	54.0	3
28	3	26	2	48	16	23.6	54.0	1
28	3	26	2	48	17	23.6	54.0	1
28	3	26	2	48	18	23.6	54.0	2
28	3	26	2	48	19	23.6	54.0	2
28	3	26	2	48	20	23.6	54.0	1
28	3	26	2	48	21	23.6	54.0	1
28	3	26	2	48	22	23.6	54.0	2
28	3	26	2	48	23	23.6	54.0	2
28	3	26	2	48	24	23.6	54.0	2
28	3	26	2	48	25	23.5	54.0	1
28	3	26	2	48	26	23.5	54.0	3
28	3	26	2	48	27	23.5	54.0	2
28	3	26	2	48	28	23.6	54.0	2
28	3	26	2	48	29	23.6	54.0	1
28	3	26	2	48	30	23.6	54.0	1
28	3	26	2	48	31	23.6	54.0	2
28	3	26	2	48	32	23.5	54.0	3
28	3	26	2	48	33	23.5	54.0	1
28	3	26	2	48	34	23.5	54.0	1
28	3	26	2	48	35	23.6	54.0	1
28	3	26	2	48	36	23.6	54.0	3
28	3	26	2	48	37	23.5	54.0	3
28	3	26	2	48	38	23.5	54.0	3
28	3	26	2	48	39	23.5	54.0	2
28	3	26	2	48	40	23.5	54.0	1
28	3	26	2	48	41	23.5	54.0	1
28	3	26	2	48	42	23.5	54.0	2
28	3	26	2	48	43	23.5	54.0	1
28	3	26	2	48	44	23.6	54.0	1
28	3	26	2	48	45	23.6	54.0	3
28	3	26	2	48	46	23.5	54.0	2
28	3	26	2	48	47	23.5	54.0	3
28	3	26	2	48	48	23.5	54.0	2
28	3	26	2	48	49	23.5	54.0	2
28	3	26	2	48	50	23.5	54.0	1
28	3	26	2	48	51	23.5	54.0	2
28	3	26	2	48	52	23.5	54.0	1
28	3	26	2	48	53	23.6	54.0	2
28	3	26	2	48	54	23.6	54.0	2
28	3	26	2	48	55	23.6	54.0	2
28	3	26	2	48	56	23.6	54.0	1
28	3	26	2	48	57	23.5	54.0	2
28	3	26	2	48	58	23.5	54.0	3
28	3	26	2	48	59	23.5	54.0	3
28	3	26	2	49	0	23.5	54.0	3
28	3	26	2	49	1	23.5	54.0	1
28	3	26	2	49	2	23.5	54.0	1
28	3	26	2	49	3	23.5	54.0	2
28	3	26	2	49	4	23.6	54.0	3
28	3	26	2	49	5	23.6	54.0	2
28	3	26	2	49	6	23.6	54.0	3
28	3	26	2	49	7	23.6	54.0	1
28	3	26	2	49	8	23.6	54.0	2
28	3	26	2	49	9	23.5	54.0	2
28	3	26	2	49	10	23.5	54.0	1
28	3	26	2	49	11	23.5	54.0	1
28	3	26	2	49	12	23.5	54.0	1
28	3	26	2	49	13	23.5	54.0	3
28	3	26	2	49	14	23.5	54.0	3
28	3	26	2	49	15	23.5	54.0	3
28	3	26	2	49	16	23.6	54.0	3
28	3	26	2	49	17	23.6	54.0	1
28	3	26	2	49	18	23.6	54.0	1
28	3	26	2	49	19	23.6	54.0	1
28	3	26	2	49	20	23.5	54.0	3
28	3	26	2	49	21	23.5	54.0	3
28	3	26	2	49	22	23.5	54.0	1
28	3	26	2	49	23	23.5	54.0	3
28	3	26	2	49	24	23.5	54.0	2
28	3	26	2	49	25	23.5	54.0	3
28	3	26	2	49	26	23.5	54.0	1
28	3	26	2	49	27	23.5	54.0	1
28	3	26	2	49	28	23.5	54.0	1
28	3	26	2	49	29	23.5	54.0	3
28	3	26	2	49	30	23.5	54.0	3
28	3	26	2	49	31	23.5	54.0	2
28	3	26	2	49	32	23.5	54.0	1
28	3	26	2	49	33	23.5	54.0	3
28	3	26	2	49	34	23.5	54.0	3
28	3	26	2	49	35	23.5	54.0	1
28	3	26	2	49	36	23.5	54.0	1
28	3	26	2	49	37	23.5	54.0	1
28	3	26	2	49	38	23.5	54.0	3
28	3	26	2	49	39	23.5	54.0	2
28	3	26	2	49	40	23.5	54.0	1
28	3	26	2	49	41	23.5	54.0	1
28	3	26	2	49	42	23.5	54.0	1
28	3	26	2	49	43	23.5	54.0	1
28	3	26	2	49	44	23.5	54.0	2
28	3	26	2	49	45	23.5	54.0	2
28	3	26	2	49	46	23.5	54.0	3
28	3	26	2	49	47	23.5	54.0	2
28	3	26	2	49	48	23.5	54.0	3
28	3	26	2	49	49	23.5	54.0	3
28	3	26	2	49	50	23.5	54.0	3
28	3	26	2	49	51	23.5	54.0	1
28	3	26	2	49	52	23.5	54.0	1
28	3	26	2	49	53	23.5	54.0	2
28	3	26	2	49	54	23.5	54.0	2
28	3	26	2	49	55	23.5	54.0	1
28	3	26	2	49	56	23.5	54.0	1
28	3	26	2	49	57	23.5	54.0	2
28	3	26	2	49	58	23.5	54.0	3
28	3	26	2	49	59	23.5	54.0	1
28	3	26	2	50	0	23.5	54.0	1
28	3	26	2	50	1	23.5	54.0	1
28	3	26	2	50	2	23.5	54.0	3
28	3	26	2	50	3	23.5	54.0	2
28	3	26	2	50	4	23.5	54.0	1
28	3	26	2	50	5	23.5	54.0	3
28	3	26	2	50	6	23.5	54.0	3
28	3	26	2	50	7	23.5	54.0	1
28	3	26	2	50	8	23.5	54.0	2
28	3	26	2	50	9	23.5	54.0	1
28	3	26	2	50	10	23.5	54.0	1
28	3	26	2	50	11	23.5	54.0	3
28	3	26	2	50	12	23.5	54.0	2
28	3	26	2	50	13	23.5	54.0	2
28	3	26	2	50	14	23.5	54.0	2
28	3	26	2	50	15	23.5	54.0	2
28	3	26	2	50	16	23.5	54.0	2
28	3	26	2	50	17	23.5	54.0	2
28	3	26	2	50	18	23.5	54.0	1
28	3	26	2	50	19	23.5	54.0	2
28	3	26	2	50	20	23.5	54.0	1
28	3	26	2	50	21	23.5	54.0	1
28	3	26	2	50	22	23.5	54.0	2
28	3	26	2	50	23	23.5	54.0	2
28	3	26	2	50	24	23.5	54.0	2
28	3	26	2	50	25	23.5	54.0	2
28	3	26	2	50	26	23.5	54.0	3
28	3	26	2	50	27	23.5	54.0	1
28	3	26	2	50	28	23.5	54.0	2
28	3	26	2	50	29	23.5	54.0	2
28	3	26	2	50	30	23.5	54.0	3
28	3	26	2	50	31	23.5	54.0	3
28	3	26	2	50	32	23.5	54.0	1
28	3	26	2	50	33	23.5	54.0	3
28	3	26	2	50	34	23.5	54.0	2
28	3	26	2	50	35	23.5	54.0	3
28	3	26	2	50	36	23.5	54.0	2
28	3	26	2	50	37	23.5	54.0	2
28	3	26	2	50	38	23.5	54.0	2
28	3	26	2	50	39	23.5	54.0	2
28	3	26	2	50	40	23.5	54.0	1
28	3	26	2	50	41	23.5	54.0	1
28	3	26	2	50	42	23.5	54.0	2
28	3	26	2	50	43	23.5	54.0	1
28	3	26	2	50	44	23.5	54.0	1
28	3	26	2	50	45	23.5	54.0	1
28	3	26	2	50	46	23.5	54.0	3
28	3	26	2	50	47	23.5	54.0	3
28	3	26	2	50	48	23.5	54.0	1
28	3	26	2	50	49	23.5	54.0	3
28	3	26	2	50	50	23.5	54.0	2
28	3	26	2	50	51	23.5	54.0	3
28	3	26	2	50	52	23.5	54.0	1
28	3	26	2	50	53	23.5	54.0	2
28	3	26	2	50	54	23.5	54.0	2
28	3	26	2	50	55	23.5	54.0	1
28	3	26	2	50	56	23.5	54.0	1
28	3	26	2	50	57	23.5	54.0	1
28	3	26	2	50	58	23.5	54.0	2
28	3	26	2	50	59	23.5	54.0	1
28	3	26	2	51	0	23.5	54.0	2
28	3	26	2	51	1	23.5	54.0	2
28	3	26	2	51	2	23.5	54.0	3
28	3	26	2	51	3	23.5	54.0	2
28	3	26	2	51	4	23.5	54.0	1
28	3	26	2	51	5	23.5	54.0	2
28	3	26	2	51	6	23.5	54.0	1
28	3	26	2	51	7	23.5	54.0	1
28	3	26	2	51	8	23.5	54.0	2
28	3	26	2	51	9	23.5	54.0	2
28	3	26	2	51	10	23.5	54.0	2
28	3	26	2	51	11	23.5	54.0	2
28	3	26	2	51	12	23.5	54.0	2
28	3	26	2	51	13	23.5	54.0	1
28	3	26	2	51	14	23.5	54.0	1
28	3	26	2	51	15	23.5	54.0	3
28	3	26	2	51	16	23.5	54.0	3
28	3	26	2	51	17	23.5	54.0	3
28	3	26	2	51	18	23.5	54.0	2
28	3	26	2	51	19	23.5	54.0	2
28	3	26	2	51	20	23.5	54.0	1
28	3	26	2	51	21	23.5	54.0	3
28	3	26	2	51	22	23.5	54.0	1
28	3	26	2	51	23	23.5	54.0	1
28	3	26	2	51	24	23.5	54.0	3
28	3	26	2	51	25	23.5	54.0	3
28	3	26	2	51	26	23.5	54.0	3
28	3	26	2	51	27	23.5	54.0	2
28	3	26	2	51	28	23.5	54.0	2
28	3	26	2	51	29	23.5	54.0	3
28	3	26	2	51	30	23.5	54.0	2
28	3	26	2	51	31	23.5	54.0	2
28	3	26	2	51	32	23.5	54.0	3
28	3	26	2	51	33	23.5	54.0	2
28	3	26	2	51	34	23.5	54.0	1
28	3	26	2	51	35	23.5	54.0	1
28	3	26	2	51	36	23.5	54.0	3
28	3	26	2	51	37	23.5	54.0	2
28	3	26	2	51	38	23.5	54.0	2
28	3	26	2	51	39	23.5	54.0	2
28	3	26	2	51	40	23.5	54.0	2
28	3	26	2	51	41	23.5	54.0	2
28	3	26	2	51	42	23.5	54.0	2
28	3	26	2	51	43	23.5	54.0	2
28	3	26	2	51	44	23.5	54.0	1
28	3	26	2	51	45	23.5	54.0	1
28	3	26	2	51	46	23.5	54.0	2
28	3	26	2	51	47	23.5	54.0	2
28	3	26	2	51	48	23.5	54.0	2
28	3	26	2	51	49	23.5	54.0	1
28	3	26	2	51	50	23.5	54.0	2
28	3	26	2	51	51	23.5	54.0	2
28	3	26	2	51	52	23.5	54.0	2
28	3	26	2	51	53	23.5	54.0	3
28	3	26	2	51	54	23.5	54.0	2
28	3	26	2	51	55	23.5	54.0	3
28	3	26	2	51	56	23.5	54.0	3
28	3	26	2	51	57	23.5	54.0	3
28	3	26	2	51	58	23.5	54.0	2
28	3	26	2	51	59	23.5	54.0	2
28	3	26	2	52	0	23.5	54.0	2
28	3	26	2	52	1	23.5	54.0	1
28	3	26	2	52	2	23.5	54.0	2
28	3	26	2	52	3	23.5	54.0	3
28	3	26	2	52	4	23.5	54.0	3
28	3	26	2	52	5	23.5	54.0	1
28	3	26	2	52	6	23.5	54.0	2
28	3	26	2	52	7	23.5	54.0	1
28	3	26	2	52	8	23.5	54.0	1
28	3	26	2	52	9	23.5	54.0	1
28	3	26	2	52	10	23.5	54.0	3
28	3	26	2	52	11	23.5	54.0	3
28	3	26	2	52	12	23.5	54.0	2
28	3	26	2	52	13	23.5	54.0	1
28	3	26	2	52	14	23.5	54.0	3
28	3	26	2	52	15	23.5	54.0	3
28	3	26	2	52	16	23.5	54.0	1
28	3	26	2	52	17	23.5	54.0	2
28	3	26	2	52	18	23.5	54.0	2
28	3	26	2	52	19	23.5	54.0	1
28	3	26	2	52	20	23.5	54.0	1
28	3	26	2	52	21	23.5	54.0	2
28	3	26	2	52	22	23.5	54.0	3
28	3	26	2	52	23	23.5	54.0	1
28	3	26	2	52	24	23.5	54.0	1
28	3	26	2	52	25	23.5	54.0	1
28	3	26	2	52	26	23.5	54.0	3
28	3	26	2	52	27	23.5	54.0	3
28	3	26	2	52	28	23.5	54.0	3
28	3	26	2	52	29	23.5	54.0	1
28	3	26	2	52	30	23.5	54.0	3
28	3	26	2	52	31	23.5	54.0	3
28	3	26	2	52	32	23.5	54.0	1
28	3	26	2	52	33	23.5	54.0	1
28	3	26	2	52	34	23.5	54.0	2
28	3	26	2	52	35	23.5	54.0	2
28	3	26	2	52	36	23.5	54.0	1
28	3	26	2	52	37	23.5	54.0	1
28	3	26	2	52	38	23.5	54.0	2
28	3	26	2	52	39	23.5	54.0	1
28	3	26	2	52	40	23.5	54.0	2
28	3	26	2	52	41	23.5	54.0	1
28	3	26	2	52	42	23.5	54.0	3
28	3	26	2	52	43	23.5	54.0	3
28	3	26	2	52	44	23.5	54.0	2
28	3	26	2	52	45	23.5	54.0	1
28	3	26	2	52	46	23.5	54.0	2
28	3	26	2	52	47	23.5	54.0	2
28	3	26	2	52	48	23.5	54.0	3
28	3	26	2	52	49	23.5	54.0	2
28	3	26	2	52	50	23.5	54.0	1
28	3	26	2	52	51	23.5	54.0	2
28	3	26	2	52	52	23.5	54.0	3
28	3	26	2	52	53	23.5	54.0	3
28	3	26	2	52	54	23.5	54.0	2
28	3	26	2	52	55	23.5	54.0	1
28	3	26	2	52	56	23.5	54.0	2
28	3	26	2	52	57	23.5	54.0	2
28	3	26	2	52	58	23.5	54.0	3
28	3	26	2	52	59	23.5	54.0	2
28	3	26	2	53	0	23.5	54.0	2
28	3	26	2	53	1	23.5	54.0	1
28	3	26	2	53	2	23.5	54.0	2
28	3	26	2	53	3	23.5	54.0	1
28	3	26	2	53	4	23.5	54.0	3
28	3	26	2	53	5	23.5	54.0	1
28	3	26	2	53	6	23.5	54.0	1
28	3	26	2	53	7	23.5	54.0	3
28	3	26	2	53	8	23.5	54.0	2
28	3	26	2	53	9	23.5	54.0	2
28	3	26	2	53	10	23.5	54.0	3
28	3	26	2	53	11	23.5	54.0	2
28	3	26	2	53	12	23.5	54.0	1
28	3	26	2	53	13	23.5	54.0	2
28	3	26	2	53	14	23.5	54.0	2
28	3	26	2	53	15	23.5	54.0	2
28	3	26	2	53	16	23.5	54.0	1
28	3	26	2	53	17	23.5	54.0	2
28	3	26	2	53	18	23.5	54.0	2
28	3	26	2	53	19	23.5	54.0	1
28	3	26	2	53	20	23.5	54.0	3
28	3	26	2	53	21	23.5	54.0	3
28	3	26	2	53	22	23.5	54.0	2
28	3	26	2	53	23	23.5	54.0	3
28	3	26	2	53	24	23.5	54.0	3
28	3	26	2	53	25	23.5	54.0	1
28	3	26	2	53	26	23.5	54.0	3
28	3	26	2	53	27	23.5	54.0	1
28	3	26	2	53	28	23.5	54.0	1
28	3	26	2	53	29	23.5	54.0	2
28	3	26	2	53	30	23.5	54.0	1
28	3	26	2	53	31	23.5	54.0	1
28	3	26	2	53	32	23.5	54.0	2
28	3	26	2	53	33	23.5	54.0	1
28	3	26	2	53	34	23.5	54.0	1
28	3	26	2	53	35	23.5	54.0	1
28	3	26	2	53	36	23.5	54.0	3
28	3	26	2	53	37	23.5	54.0	3
28	3	26	2	53	38	23.5	54.0	2
28	3	26	2	53	39	23.5	54.0	2
28	3	26	2	53	40	23.5	54.0	2
28	3	26	2	53	41	23.5	54.0	2
28	3	26	2	53	42	23.5	54.0	2
28	3	26	2	53	43	23.5	54.0	2
28	3	26	2	53	44	23.5	54.0	1
28	3	26	2	53	45	23.5	54.0	3
28	3	26	2	53	46	23.5	54.0	3
28	3	26	2	53	47	23.5	54.0	3
28	3	26	2	53	48	23.5	54.0	1
28	3	26	2	53	49	23.5	54.0	2
28	3	26	2	53	50	23.5	54.0	1
28	3	26	2	53	51	23.5	54.0	2
28	3	26	2	53	52	23.5	54.0	3
28	3	26	2	53	53	23.5	54.0	2
28	3	26	2	53	54	23.5	54.0	2
28	3	26	2	53	55	23.5	54.0	2
28	3	26	2	53	56	23.5	54.0	2
28	3	26	2	53	57	23.5	54.0	2
28	3	26	2	53	58	23.5	54.0	2
28	3	26	2	53	59	23.5	54.0	2
28	3	26	2	54	0	23.5	54.0	2
28	3	26	2	54	1	23.5	54.0	3
28	3	26	2	54	2	23.5	54.0	3
28	3	26	2	54	3	23.5	54.0	3
28	3	26	2	54	4	23.5	54.0	2
28	3	26	2	54	5	23.5	54.0	1
28	3	26	2	54	6	23.5	54.0	1
28	3	26	2	54	7	23.5	54.0	1
28	3	26	2	54	8	23.5	54.0	1
28	3	26	2	54	9	23.5	54.0	1
28	3	26	2	54	10	23.5	54.0	3
28	3	26	2	54	11	23.5	54.0	2
28	3	26	2	54	12	23.5	54.0	2
28	3	26	2	54	13	23.5	54.0	1
28	3	26	2	54	14	23.5	54.0	3
28	3	26	2	54	15	23.5	54.0	3
28	3	26	2	54	16	23.5	54.0	3
28	3	26	2	54	17	23.5	54.0	2
28	3	26	2	54	18	23.5	54.0	2
28	3	26	2	54	19	23.5	54.0	2
28	3	26	2	54	20	23.5	54.0	2
28	3	26	2	54	21	23.5	54.0	1
28	3	26	2	54	22	23.5	54.0	1
28	3	26	2	54	23	23.5	54.0	1
28	3	26	2	54	24	23.5	54.0	3
