Jour	Mois	Année	Heure	Minute	Seconde	Temp(°C) Hum(%) Lum(%)
28	3	26	1	25	39	23.7	48.0	20
28	3	26	1	25	40	23.7	48.0	19
28	3	26	1	25	41	23.6	48.0	19
28	3	26	1	25	42	23.6	48.0	21
28	3	26	1	25	43	23.6	48.0	21
28	3	26	1	25	44	23.6	48.0	19
28	3	26	1	25	45	23.6	48.0	20
28	3	26	1	25	46	23.6	48.0	20
28	3	26	1	25	47	23.6	48.0	21
28	3	26	1	25	48	23.6	48.0	19
28	3	26	1	25	49	23.6	48.0	21
28	3	26	1	25	50	23.6	48.0	20
28	3	26	1	25	51	23.6	48.0	20
28	3	26	1	25	52	23.6	48.0	21
28	3	26	1	25	53	23.6	48.0	20
28	3	26	1	25	54	23.6	48.0	19
28	3	26	1	25	55	23.6	48.0	21
28	3	26	1	25	56	23.6	48.0	20
28	3	26	1	25	57	23.6	48.0	19
28	3	26	1	25	58	23.6	48.0	20
28	3	26	1	25	59	23.6	48.0	20
28	3	26	1	26	0	23.6	48.0	20
28	3	26	1	26	1	23.6	48.0	20
28	3	26	1	26	2	23.6	48.0	20
28	3	26	1	26	3	23.6	48.0	20
28	3	26	1	26	4	23.6	48.0	19
28	3	26	1	26	5	23.6	48.0	19
28	3	26	1	26	6	23.6	48.0	21
28	3	26	1	26	7	23.6	48.0	19
28	3	26	1	26	8	23.6	48.0	19
28	3	26	1	26	9	23.6	48.0	20
28	3	26	1	26	10	23.6	48.0	19
28	3	26	1	26	11	23.6	48.0	20
28	3	26	1	26	12	23.6	48.0	20
28	3	26	1	26	13	23.6	48.0	19
28	3	26	1	26	14	23.6	48.0	20
28	3	26	1	26	15	23.6	48.0	19
28	3	26	1	26	16	23.6	48.0	20
28	3	26	1	26	17	23.6	48.0	19
28	3	26	1	26	18	23.6	48.0	20
28	3	26	1	26	19	23.6	48.0	20
28	3	26	1	26	20	23.6	48.0	19
28	3	26	1	26	21	23.6	48.0	20
28	3	26	1	26	22	23.6	48.0	21
28	3	26	1	26	23	23.6	48.0	19
28	3	26	1	26	24	23.6	48.0	19
28	3	26	1	26	25	23.6	48.0	21
28	3	26	1	26	26	23.6	48.0	19
28	3	26	1	26	27	23.6	48.0	20
28	3	26	1	26	28	23.6	48.0	20
28	3	26	1	26	29	23.6	48.0	19
28	3	26	1	26	30	23.6	48.0	20
28	3	26	1	26	31	23.6	48.0	20
28	3	26	1	26	32	23.6	48.0	19
28	3	26	1	26	33	23.6	48.0	19
28	3	26	1	26	34	23.6	48.0	20
28	3	26	1	26	35	23.6	48.0	20
28	3	26	1	26	36	23.6	48.0	20
28	3	26	1	26	37	23.6	48.0	20
28	3	26	1	26	38	23.6	48.0	20
28	3	26	1	26	39	23.6	48.0	21
28	3	26	1	26	40	23.6	48.0	21
28	3	26	1	26	41	23.6	48.0	19
28	3	26	1	26	42	23.6	48.0	19
28	3	26	1	26	43	23.6	48.0	19
28	3	26	1	26	44	23.6	48.0	19
28	3	26	1	26	45	23.6	48.0	21
28	3	26	1	26	46	23.6	48.0	19
28	3	26	1	26	47	23.6	48.0	20
28	3	26	1	26	48	23.6	48.0	19
28	3	26	1	26	49	23.6	48.0	20
28	3	26	1	26	50	23.6	48.0	20
28	3	26	1	26	51	23.6	48.0	20
28	3	26	1	26	52	23.6	48.0	20
28	3	26	1	26	53	23.6	48.0	19
28	3	26	1	26	54	23.6	48.0	19
28	3	26	1	26	55	23.6	48.0	19
28	3	26	1	26	56	23.6	48.0	20
28	3	26	1	26	57	23.6	48.0	20
28	3	26	1	26	58	23.6	48.0	20
28	3	26	1	26	59	23.6	48.0	19
28	3	26	1	27	0	23.6	48.0	18
28	3	26	1	27	1	23.6	48.0	20
28	3	26	1	27	2	23.6	48.0	19
28	3	26	1	27	3	23.6	48.0	21
28	3	26	1	27	4	23.6	48.0	20
28	3	26	1	27	5	23.6	48.0	19
28	3	26	1	27	6	23.6	48.0	19
28	3	26	1	27	7	23.6	48.0	20
28	3	26	1	27	8	23.6	48.0	19
28	3	26	1	27	9	23.6	48.0	19
28	3	26	1	27	10	23.6	48.0	20
28	3	26	1	27	11	23.6	48.0	19
28	3	26	1	27	12	23.5	48.0	19
28	3	26	1	27	13	23.5	48.0	19
28	3	26	1	27	14	23.6	48.0	20
28	3	26	1	27	15	23.6	48.0	20
28	3	26	1	27	16	23.6	48.0	20
28	3	26	1	27	17	23.6	48.0	20
28	3	26	1	27	18	23.6	48.0	20
28	3	26	1	27	19	23.6	48.0	21
28	3	26	1	27	20	23.6	48.0	20
28	3	26	1	27	21	23.5	48.0	19
28	3	26	1	27	22	23.5	48.0	20
28	3	26	1	27	23	23.5	48.0	19
28	3	26	1	27	24	23.5	48.0	20
28	3	26	1	27	25	23.5	48.0	19
28	3	26	1	27	26	23.5	48.0	20
28	3	26	1	27	27	23.5	48.0	20
28	3	26	1	27	28	23.5	48.0	20
28	3	26	1	27	29	23.5	48.0	20
28	3	26	1	27	30	23.5	48.0	19
28	3	26	1	27	31	23.5	48.0	19
28	3	26	1	27	32	23.5	48.0	20
28	3	26	1	27	33	23.5	48.0	21
28	3	26	1	27	34	23.5	48.0	21
28	3	26	1	27	35	23.5	48.0	19
28	3	26	1	27	36	23.5	48.0	21
28	3	26	1	27	37	23.5	48.0	18
28	3	26	1	27	38	23.5	48.0	20
28	3	26	1	27	39	23.5	48.0	20
28	3	26	1	27	40	23.5	48.0	19
28	3	26	1	27	41	23.5	48.0	19
28	3	26	1	27	42	23.5	48.0	20
28	3	26	1	27	43	23.5	48.0	20
28	3	26	1	27	44	23.5	48.0	19
28	3	26	1	27	45	23.5	48.0	21
28	3	26	1	27	46	23.5	48.0	20
28	3	26	1	27	47	23.5	48.0	20
28	3	26	1	27	48	23.5	48.0	21
28	3	26	1	27	49	23.5	48.0	19
28	3	26	1	27	50	23.5	48.0	19
28	3	26	1	27	51	23.5	48.0	20
28	3	26	1	27	52	23.5	48.0	21
28	3	26	1	27	53	23.5	48.0	20
28	3	26	1	27	54	23.5	48.0	19
28	3	26	1	27	55	23.5	48.0	21
28	3	26	1	27	56	23.5	48.0	21
28	3	26	1	27	57	23.5	48.0	19
28	3	26	1	27	58	23.5	48.0	21
28	3	26	1	27	59	23.5	49.0	21
28	3	26	1	28	0	23.5	49.0	19
28	3	26	1	28	1	23.5	49.0	20
28	3	26	1	28	2	23.5	49.0	20
28	3	26	1	28	3	23.5	49.0	20
28	3	26	1	28	4	23.5	48.0	19
28	3	26	1	28	5	23.5	48.0	20
28	3	26	1	28	6	23.5	48.0	21
28	3	26	1	28	7	23.5	48.0	19
28	3	26	1	28	8	23.5	48.0	19
28	3	26	1	28	9	23.5	48.0	20
28	3	26	1	28	10	23.5	48.0	20
28	3	26	1	28	11	23.5	49.0	19
28	3	26	1	28	12	23.5	49.0	19
28	3	26	1	28	13	23.5	49.0	20
28	3	26	1	28	14	23.5	49.0	20
28	3	26	1	28	15	23.5	49.0	19
28	3	26	1	28	16	23.5	49.0	21
28	3	26	1	28	17	23.5	49.0	20
28	3	26	1	28	18	23.5	49.0	19
28	3	26	1	28	19	23.5	49.0	21
28	3	26	1	28	20	23.5	49.0	19
28	3	26	1	28	21	23.5	49.0	19
28	3	26	1	28	22	23.5	49.0	21
28	3	26	1	28	23	23.5	49.0	19
28	3	26	1	28	24	23.5	49.0	19
28	3	26	1	28	25	23.5	49.0	21
28	3	26	1	28	26	23.5	49.0	21
28	3	26	1	28	27	23.5	49.0	21
28	3	26	1	28	28	23.5	49.0	21
28	3	26	1	28	29	23.5	49.0	20
28	3	26	1	28	30	23.5	49.0	20
28	3	26	1	28	31	23.5	49.0	19
28	3	26	1	28	32	23.5	49.0	20
28	3	26	1	28	33	23.5	49.0	20
28	3	26	1	28	34	23.5	49.0	19
28	3	26	1	28	35	23.5	49.0	19
28	3	26	1	28	36	23.5	49.0	19
28	3	26	1	28	37	23.5	49.0	19
28	3	26	1	28	38	23.5	49.0	21
28	3	26	1	28	39	23.5	49.0	21
28	3	26	1	28	40	23.5	49.0	20
28	3	26	1	28	41	23.5	49.0	20
28	3	26	1	28	42	23.5	49.0	20
28	3	26	1	28	43	23.5	49.0	19
28	3	26	1	28	44	23.5	49.0	20
28	3	26	1	28	45	23.5	49.0	19
28	3	26	1	28	46	23.5	49.0	21
28	3	26	1	28	47	23.5	49.0	19
28	3	26	1	28	48	23.5	49.0	20
28	3	26	1	28	49	23.5	49.0	20
28	3	26	1	28	50	23.5	49.0	19
28	3	26	1	28	51	23.5	49.0	19
28	3	26	1	28	52	23.5	49.0	20
28	3	26	1	28	53	23.5	49.0	19
28	3	26	1	28	54	23.5	49.0	20
28	3	26	1	28	55	23.5	49.0	20
28	3	26	1	28	56	23.5	49.0	19
28	3	26	1	28	57	23.5	49.0	20
28	3	26	1	28	58	23.5	49.0	20
28	3	26	1	28	59	23.5	49.0	19
28	3	26	1	29	0	23.5	49.0	19
28	3	26	1	29	1	23.5	49.0	19
28	3	26	1	29	2	23.5	49.0	20
28	3	26	1	29	3	23.5	49.0	18
28	3	26	1	29	4	23.5	49.0	18
28	3	26	1	29	5	23.4	49.0	20
28	3	26	1	29	6	23.4	49.0	19
28	3	26	1	29	7	23.5	49.0	20
28	3	26	1	29	8	23.5	49.0	19
28	3	26	1	29	9	23.4	49.0	19
28	3	26	1	29	10	23.4	49.0	18
28	3	26	1	29	11	23.4	49.0	19
28	3	26	1	29	12	23.4	49.0	20
28	3	26	1	29	13	23.4	49.0	20
28	3	26	1	29	14	23.5	49.0	19
28	3	26	1	29	15	23.5	49.0	20
28	3	26	1	29	16	23.5	49.0	20
28	3	26	1	29	17	23.5	49.0	19
28	3	26	1	29	18	23.5	49.0	20
28	3	26	1	29	19	23.5	49.0	19
28	3	26	1	29	20	23.5	49.0	19
28	3	26	1	29	21	23.4	49.0	19
28	3	26	1	29	22	23.4	49.0	20
28	3	26	1	29	23	23.4	49.0	20
28	3	26	1	29	24	23.4	49.0	19
28	3	26	1	29	25	23.4	49.0	19
28	3	26	1	29	26	23.4	49.0	20
28	3	26	1	29	27	23.4	49.0	19
28	3	26	1	29	28	23.4	49.0	20
28	3	26	1	29	29	23.4	49.0	21
28	3	26	1	29	30	23.4	49.0	19
28	3	26	1	29	31	23.4	49.0	19
28	3	26	1	29	32	23.4	49.0	20
28	3	26	1	29	33	23.4	49.0	19
28	3	26	1	29	34	23.4	49.0	19
28	3	26	1	29	35	23.4	49.0	19
28	3	26	1	29	36	23.4	49.0	19
28	3	26	1	29	37	23.4	49.0	20
28	3	26	1	29	38	23.4	49.0	19
28	3	26	1	29	39	23.4	49.0	20
28	3	26	1	29	40	23.4	49.0	19
28	3	26	1	29	41	23.4	49.0	19
28	3	26	1	29	42	23.4	49.0	20
28	3	26	1	29	43	23.4	49.0	20
28	3	26	1	29	44	23.4	49.0	20
28	3	26	1	29	45	23.4	49.0	20
28	3	26	1	29	46	23.4	49.0	19
28	3	26	1	29	47	23.4	49.0	19
28	3	26	1	29	48	23.4	49.0	21
28	3	26	1	29	49	23.4	49.0	20
28	3	26	1	29	50	23.4	49.0	20
28	3	26	1	29	51	23.4	49.0	20
28	3	26	1	29	52	23.4	49.0	19
28	3	26	1	29	53	23.4	49.0	18
28	3	26	1	29	54	23.4	49.0	17
28	3	26	1	29	55	23.4	49.0	15
28	3	26	1	29	56	23.4	49.0	13
28	3	26	1	29	57	23.4	49.0	17
28	3	26	1	29	58	23.4	49.0	18
28	3	26	1	29	59	23.4	49.0	18
28	3	26	1	30	0	23.4	49.0	19
28	3	26	1	30	1	23.4	49.0	19
28	3	26	1	30	2	23.4	49.0	14
28	3	26	1	30	3	23.4	49.0	9
28	3	26	1	30	4	23.4	49.0	18
28	3	26	1	30	5	23.4	49.0	17
28	3	26	1	30	6	23.4	49.0	13
28	3	26	1	30	7	23.4	49.0	14
28	3	26	1	30	8	23.4	49.0	12
28	3	26	1	30	9	23.4	49.0	13
28	3	26	1	30	10	23.4	49.0	14
28	3	26	1	30	11	23.4	49.0	14
28	3	26	1	30	12	23.4	49.0	13
28	3	26	1	30	13	23.4	49.0	15
28	3	26	1	30	14	23.4	49.0	14
28	3	26	1	30	15	23.4	49.0	14
28	3	26	1	30	16	23.4	49.0	14
28	3	26	1	30	17	23.4	49.0	13
28	3	26	1	30	18	23.4	49.0	13
28	3	26	1	30	19	23.4	49.0	13
28	3	26	1	30	20	23.4	49.0	15
28	3	26	1	30	21	23.4	49.0	15
28	3	26	1	30	22	23.4	49.0	14
28	3	26	1	30	23	23.4	49.0	15
28	3	26	1	30	24	23.4	49.0	10
28	3	26	1	30	25	23.4	49.0	9
28	3	26	1	30	26	23.4	49.0	9
28	3	26	1	30	27	23.4	49.0	8
28	3	26	1	30	28	23.4	49.0	7
28	3	26	1	30	29	23.4	49.0	8
28	3	26	1	30	30	23.4	49.0	11
28	3	26	1	30	31	23.4	49.0	12
28	3	26	1	30	32	23.4	49.0	10
28	3	26	1	30	33	23.4	49.0	11
28	3	26	1	30	34	23.4	49.0	10
28	3	26	1	30	35	23.4	49.0	10
28	3	26	1	30	36	23.4	49.0	11
28	3	26	1	30	37	23.4	49.0	12
28	3	26	1	30	38	23.4	49.0	10
28	3	26	1	30	39	23.4	49.0	11
28	3	26	1	30	40	23.4	49.0	9
28	3	26	1	30	41	23.4	49.0	12
28	3	26	1	30	42	23.4	49.0	9
28	3	26	1	30	43	23.4	49.0	12
28	3	26	1	30	44	23.4	49.0	12
28	3	26	1	30	45	23.4	49.0	9
28	3	26	1	30	46	23.4	49.0	12
28	3	26	1	30	47	23.4	49.0	11
28	3	26	1	30	48	23.4	49.0	12
28	3	26	1	30	49	23.4	49.0	11
28	3	26	1	30	50	23.4	49.0	12
28	3	26	1	30	51	23.4	49.0	11
28	3	26	1	30	52	23.4	49.0	9
28	3	26	1	30	53	23.4	49.0	12
28	3	26	1	30	54	23.4	49.0	11
28	3	26	1	30	55	23.4	49.0	11
28	3	26	1	30	56	23.4	49.0	9
28	3	26	1	30	57	23.4	49.0	12
28	3	26	1	30	58	23.4	49.0	12
28	3	26	1	30	59	23.4	49.0	10
28	3	26	1	31	0	23.4	49.0	10
28	3	26	1	31	1	23.4	49.0	10
28	3	26	1	31	2	23.4	49.0	10
28	3	26	1	31	3	23.4	49.0	12
28	3	26	1	31	4	23.4	49.0	10
28	3	26	1	31	5	23.4	49.0	11
28	3	26	1	31	6	23.4	49.0	10
28	3	26	1	31	7	23.4	49.0	9
28	3	26	1	31	8	23.4	49.0	13
28	3	26	1	31	9	23.4	49.0	12
28	3	26	1	31	10	23.4	49.0	12
28	3	26	1	31	11	23.4	49.0	12
28	3	26	1	31	12	23.4	49.0	9
28	3	26	1	31	13	23.4	49.0	10
28	3	26	1	31	14	23.4	49.0	12
28	3	26	1	31	15	23.4	49.0	11
28	3	26	1	31	16	23.4	49.0	11
28	3	26	1	31	17	23.4	49.0	10
28	3	26	1	31	18	23.4	49.0	10
28	3	26	1	31	19	23.4	49.0	11
28	3	26	1	31	20	23.4	49.0	11
28	3	26	1	31	21	23.4	49.0	12
28	3	26	1	31	22	23.4	49.0	11
28	3	26	1	31	23	23.4	49.0	11
28	3	26	1	31	24	23.4	49.0	9
28	3	26	1	31	25	23.4	49.0	9
28	3	26	1	31	26	23.4	49.0	13
28	3	26	1	31	27	23.4	49.0	9
28	3	26	1	31	28	23.4	49.0	12
28	3	26	1	31	29	23.4	49.0	12
28	3	26	1	31	30	23.3	49.0	11
28	3	26	1	31	31	23.3	49.0	9
28	3	26	1	31	32	23.3	49.0	10
28	3	26	1	31	33	23.3	49.0	12
28	3	26	1	31	34	23.4	49.0	11
28	3	26	1	31	35	23.4	49.0	12
28	3	26	1	31	36	23.4	49.0	11
28	3	26	1	31	37	23.3	49.0	10
28	3	26	1	31	38	23.3	49.0	10
28	3	26	1	31	39	23.3	49.0	11
28	3	26	1	31	40	23.3	49.0	9
28	3	26	1	31	41	23.4	49.0	9
28	3	26	1	31	42	23.4	49.0	12
28	3	26	1	31	43	23.4	49.0	11
28	3	26	1	31	44	23.4	49.0	12
28	3	26	1	31	45	23.4	49.0	12
28	3	26	1	31	46	23.4	49.0	10
28	3	26	1	31	47	23.4	49.0	10
28	3	26	1	31	48	23.3	49.0	11
28	3	26	1	31	49	23.3	49.0	10
28	3	26	1	31	50	23.4	49.0	9
28	3	26	1	31	51	23.4	49.0	12
28	3	26	1	31	52	23.4	49.0	10
28	3	26	1	31	53	23.3	49.0	12
28	3	26	1	31	54	23.3	49.0	12
28	3	26	1	31	55	23.4	49.0	10
28	3	26	1	31	56	23.4	49.0	12
28	3	26	1	31	57	23.4	49.0	9
28	3	26	1	31	58	23.4	49.0	12
28	3	26	1	31	59	23.3	49.0	11
28	3	26	1	32	0	23.3	49.0	9
28	3	26	1	32	1	23.3	49.0	11
28	3	26	1	32	2	23.3	49.0	10
28	3	26	1	32	3	23.3	49.0	11
28	3	26	1	32	4	23.4	49.0	9
28	3	26	1	32	5	23.4	49.0	11
28	3	26	1	32	6	23.3	49.0	10
28	3	26	1	32	7	23.3	49.0	12
28	3	26	1	32	8	23.4	49.0	10
28	3	26	1	32	9	23.4	49.0	9
28	3	26	1	32	10	23.4	49.0	9
28	3	26	1	32	11	23.4	49.0	12
28	3	26	1	32	12	23.4	49.0	12
28	3	26	1	32	13	23.4	49.0	10
28	3	26	1	32	14	23.4	49.0	12
28	3	26	1	32	15	23.4	49.0	11
28	3	26	1	32	16	23.4	49.0	10
28	3	26	1	32	17	23.3	49.0	12
28	3	26	1	32	18	23.3	49.0	12
28	3	26	1	32	19	23.3	49.0	12
28	3	26	1	32	20	23.3	49.0	9
28	3	26	1	32	21	23.3	49.0	9
28	3	26	1	32	22	23.3	49.0	11
28	3	26	1	32	23	23.3	49.0	9
28	3	26	1	32	24	23.3	49.0	9
28	3	26	1	32	25	23.3	49.0	10
28	3	26	1	32	26	23.3	49.0	10
28	3	26	1	32	27	23.3	49.0	9
28	3	26	1	32	28	23.3	49.0	10
28	3	26	1	32	29	23.3	50.0	9
28	3	26	1	32	30	23.3	50.0	10
28	3	26	1	32	31	23.3	50.0	9
28	3	26	1	32	32	23.3	50.0	10
28	3	26	1	32	33	23.3	50.0	9
28	3	26	1	32	34	23.3	50.0	10
28	3	26	1	32	35	23.3	50.0	9
28	3	26	1	32	36	23.3	50.0	10
28	3	26	1	32	37	23.3	50.0	10
28	3	26	1	32	38	23.3	50.0	9
28	3	26	1	32	39	23.3	50.0	10
28	3	26	1	32	40	23.3	50.0	9
28	3	26	1	32	41	23.3	50.0	10
28	3	26	1	32	42	23.3	50.0	11
28	3	26	1	32	43	23.3	50.0	11
28	3	26	1	32	44	23.3	50.0	11
28	3	26	1	32	45	23.3	50.0	8
28	3	26	1	32	46	23.3	50.0	9
28	3	26	1	32	47	23.3	50.0	10
28	3	26	1	32	48	23.3	50.0	10
28	3	26	1	32	49	23.3	49.0	10
28	3	26	1	32	50	23.3	49.0	9
28	3	26	1	32	51	23.3	49.0	8
28	3	26	1	32	52	23.3	49.0	9
28	3	26	1	32	53	23.3	49.0	8
28	3	26	1	32	54	23.3	49.0	10
28	3	26	1	32	55	23.3	49.0	10
28	3	26	1	32	56	23.4	49.0	8
28	3	26	1	32	57	23.4	49.0	10
28	3	26	1	32	58	23.3	49.0	10
28	3	26	1	32	59	23.3	49.0	9
28	3	26	1	33	0	23.3	49.0	10
28	3	26	1	33	1	23.3	49.0	10
28	3	26	1	33	2	23.3	49.0	10
28	3	26	1	33	3	23.3	49.0	10
28	3	26	1	33	4	23.3	49.0	11
28	3	26	1	33	5	23.3	49.0	10
28	3	26	1	33	6	23.3	49.0	12
28	3	26	1	33	7	23.3	49.0	11
28	3	26	1	33	8	23.3	49.0	9
28	3	26	1	33	9	23.3	49.0	12
28	3	26	1	33	10	23.3	49.0	9
28	3	26	1	33	11	23.3	49.0	9
28	3	26	1	33	12	23.3	49.0	12
28	3	26	1	33	13	23.3	49.0	9
28	3	26	1	33	14	23.3	49.0	10
28	3	26	1	33	15	23.3	49.0	12
28	3	26	1	33	16	23.3	49.0	12
28	3	26	1	33	17	23.3	49.0	12
28	3	26	1	33	18	23.3	49.0	13
28	3	26	1	33	19	23.3	49.0	9
28	3	26	1	33	20	23.3	49.0	10
28	3	26	1	33	21	23.3	50.0	12
28	3	26	1	33	22	23.3	50.0	9
28	3	26	1	33	23	23.3	49.0	11
28	3	26	1	33	24	23.3	49.0	9
28	3	26	1	33	25	23.3	49.0	9
28	3	26	1	33	26	23.3	49.0	9
28	3	26	1	33	27	23.3	49.0	9
28	3	26	1	33	28	23.3	49.0	10
28	3	26	1	33	29	23.3	49.0	11
28	3	26	1	33	30	23.3	50.0	10
28	3	26	1	33	31	23.3	50.0	12
28	3	26	1	33	32	23.3	50.0	10
28	3	26	1	33	33	23.3	50.0	10
28	3	26	1	33	34	23.3	50.0	10
28	3	26	1	33	35	23.3	50.0	11
28	3	26	1	33	36	23.3	50.0	10
28	3	26	1	33	37	23.3	50.0	8
28	3	26	1	33	38	23.3	50.0	9
28	3	26	1	33	39	23.3	50.0	8
28	3	26	1	33	40	23.3	50.0	11
28	3	26	1	33	41	23.3	50.0	11
28	3	26	1	33	42	23.3	50.0	10
28	3	26	1	33	43	23.3	50.0	8
28	3	26	1	33	44	23.3	50.0	10
28	3	26	1	33	45	23.3	50.0	10
28	3	26	1	33	46	23.3	50.0	8
28	3	26	1	33	47	23.3	50.0	8
28	3	26	1	33	48	23.3	50.0	8
28	3	26	1	33	49	23.3	50.0	9
28	3	26	1	33	50	23.3	50.0	10
28	3	26	1	33	51	23.3	50.0	9
28	3	26	1	33	52	23.3	50.0	8
28	3	26	1	33	53	23.3	50.0	9
28	3	26	1	33	54	23.3	50.0	10
28	3	26	1	33	55	23.3	50.0	9
28	3	26	1	33	56	23.3	50.0	9
28	3	26	1	33	57	23.3	50.0	9
28	3	26	1	33	58	23.3	50.0	9
28	3	26	1	33	59	23.3	50.0	9
28	3	26	1	34	0	23.3	50.0	9
28	3	26	1	34	1	23.3	50.0	8
28	3	26	1	34	2	23.3	50.0	10
28	3	26	1	34	3	23.3	50.0	10
28	3	26	1	34	4	23.3	50.0	9
28	3	26	1	34	5	23.3	50.0	9
28	3	26	1	34	6	23.3	49.0	9
28	3	26	1	34	7	23.3	49.0	9
28	3	26	1	34	8	23.3	49.0	9
28	3	26	1	34	9	23.3	49.0	9
28	3	26	1	34	10	23.3	49.0	10
28	3	26	1	34	11	23.3	49.0	8
28	3	26	1	34	12	23.3	49.0	8
28	3	26	1	34	13	23.3	49.0	10
28	3	26	1	34	14	23.3	49.0	8
28	3	26	1	34	15	23.3	50.0	8
28	3	26	1	34	16	23.3	50.0	8
28	3	26	1	34	17	23.3	50.0	9
28	3	26	1	34	18	23.3	50.0	8
28	3	26	1	34	19	23.3	50.0	9
28	3	26	1	34	20	23.3	50.0	8
28	3	26	1	34	21	23.3	50.0	9
28	3	26	1	34	22	23.3	50.0	9
28	3	26	1	34	23	23.3	50.0	10
28	3	26	1	34	24	23.3	50.0	9
28	3	26	1	34	25	23.3	50.0	9
28	3	26	1	34	26	23.3	50.0	8
28	3	26	1	34	27	23.3	50.0	10
28	3	26	1	34	28	23.3	50.0	10
28	3	26	1	34	29	23.3	50.0	8
28	3	26	1	34	30	23.3	50.0	10
28	3	26	1	34	31	23.3	50.0	9
28	3	26	1	34	32	23.3	50.0	8
28	3	26	1	34	33	23.3	50.0	8
28	3	26	1	34	34	23.3	50.0	9
28	3	26	1	34	35	23.3	50.0	8
28	3	26	1	34	36	23.3	50.0	9
28	3	26	1	34	37	23.3	50.0	9
28	3	26	1	34	38	23.3	50.0	9
28	3	26	1	34	39	23.3	50.0	11
28	3	26	1	34	40	23.3	50.0	8
28	3	26	1	34	41	23.3	50.0	9
28	3	26	1	34	42	23.3	50.0	11
28	3	26	1	34	43	23.3	50.0	10
28	3	26	1	34	44	23.3	50.0	12
28	3	26	1	34	45	23.3	50.0	10
28	3	26	1	34	46	23.3	50.0	11
28	3	26	1	34	47	23.3	50.0	12
28	3	26	1	34	48	23.3	50.0	12
28	3	26	1	34	49	23.3	50.0	12
28	3	26	1	34	50	23.3	50.0	11
28	3	26	1	34	51	23.3	50.0	12
28	3	26	1	34	52	23.3	50.0	11
28	3	26	1	34	53	23.3	50.0	12
28	3	26	1	34	54	23.3	50.0	12
28	3	26	1	34	55	23.3	50.0	11
28	3	26	1	34	56	23.3	50.0	8
28	3	26	1	34	57	23.3	50.0	8
28	3	26	1	34	58	23.3	50.0	7
28	3	26	1	34	59	23.3	50.0	9
28	3	26	1	35	0	23.3	50.0	12
28	3	26	1	35	1	23.3	50.0	16
28	3	26	1	35	2	23.3	50.0	17
28	3	26	1	35	3	23.3	50.0	9
28	3	26	1	35	4	23.3	50.0	10
28	3	26	1	35	5	23.3	50.0	10
28	3	26	1	35	6	23.3	50.0	14
28	3	26	1	35	7	23.3	50.0	12
28	3	26	1	35	8	23.3	50.0	15
28	3	26	1	35	9	23.3	50.0	17
28	3	26	1	35	10	23.3	50.0	17
28	3	26	1	35	11	23.3	50.0	9
28	3	26	1	35	12	23.3	50.0	9
28	3	26	1	35	13	23.3	50.0	8
28	3	26	1	35	14	23.3	50.0	16
28	3	26	1	35	15	23.3	50.0	18
28	3	26	1	35	16	23.3	50.0	17
28	3	26	1	35	17	23.3	50.0	17
28	3	26	1	35	18	23.3	50.0	17
28	3	26	1	35	19	23.3	50.0	16
28	3	26	1	35	20	23.3	50.0	17
28	3	26	1	35	21	23.3	50.0	18
28	3	26	1	35	22	23.3	50.0	17
28	3	26	1	35	23	23.3	50.0	17
28	3	26	1	35	24	23.3	50.0	18
28	3	26	1	35	25	23.3	50.0	19
28	3	26	1	35	26	23.3	50.0	17
28	3	26	1	35	27	23.3	50.0	14
28	3	26	1	35	28	23.3	50.0	13
28	3	26	1	35	29	23.3	50.0	13
28	3	26	1	35	30	23.3	50.0	12
28	3	26	1	35	31	23.3	50.0	9
28	3	26	1	35	32	23.3	50.0	12
28	3	26	1	35	33	23.3	50.0	9
28	3	26	1	35	34	23.3	50.0	12
28	3	26	1	35	35	23.3	50.0	13
28	3	26	1	35	36	23.3	50.0	14
28	3	26	1	35	37	23.3	50.0	11
28	3	26	1	35	38	23.3	50.0	13
28	3	26	1	35	39	23.3	50.0	13
28	3	26	1	35	40	23.3	50.0	14
28	3	26	1	35	41	23.3	50.0	13
28	3	26	1	35	42	23.3	50.0	15
28	3	26	1	35	43	23.3	50.0	14
28	3	26	1	35	44	23.3	50.0	15
28	3	26	1	35	45	23.3	50.0	14
28	3	26	1	35	46	23.3	50.0	14
28	3	26	1	35	47	23.3	50.0	16
28	3	26	1	35	48	23.3	50.0	14
28	3	26	1	35	49	23.3	50.0	16
28	3	26	1	35	50	23.3	50.0	11
28	3	26	1	35	51	23.3	50.0	8
28	3	26	1	35	52	23.3	50.0	9
28	3	26	1	35	53	23.3	50.0	8
28	3	26	1	35	54	23.3	50.0	12
28	3	26	1	35	55	23.3	50.0	8
28	3	26	1	35	56	23.3	50.0	11
28	3	26	1	35	57	23.3	50.0	8
28	3	26	1	35	58	23.3	50.0	8
28	3	26	1	35	59	23.3	50.0	7
28	3	26	1	36	0	23.3	50.0	8
28	3	26	1	36	1	23.3	50.0	8
28	3	26	1	36	2	23.3	50.0	7
28	3	26	1	36	3	23.3	50.0	9
28	3	26	1	36	4	23.3	50.0	8
28	3	26	1	36	5	23.2	50.0	8
28	3	26	1	36	6	23.2	50.0	7
28	3	26	1	36	7	23.2	50.0	9
28	3	26	1	36	8	23.3	50.0	9
28	3	26	1	36	9	23.3	50.0	9
28	3	26	1	36	10	23.3	50.0	8
28	3	26	1	36	11	23.3	50.0	17
28	3	26	1	36	12	23.2	50.0	16
28	3	26	1	36	13	23.2	50.0	17
28	3	26	1	36	14	23.2	50.0	7
28	3	26	1	36	15	23.2	50.0	7
28	3	26	1	36	16	23.2	50.0	8
28	3	26	1	36	17	23.3	50.0	8
28	3	26	1	36	18	23.3	50.0	7
28	3	26	1	36	19	23.3	50.0	8
28	3	26	1	36	20	23.3	50.0	8
28	3	26	1	36	21	23.3	50.0	9
28	3	26	1	36	22	23.3	50.0	7
28	3	26	1	36	23	23.3	50.0	9
28	3	26	1	36	24	23.3	50.0	7
28	3	26	1	36	25	23.3	50.0	7
28	3	26	1	36	26	23.3	50.0	8
28	3	26	1	36	27	23.3	50.0	7
28	3	26	1	36	28	23.2	50.0	8
28	3	26	1	36	29	23.2	50.0	7
28	3	26	1	36	30	23.2	50.0	8
28	3	26	1	36	31	23.2	50.0	7
28	3	26	1	36	32	23.2	50.0	8
28	3	26	1	36	33	23.3	50.0	8
28	3	26	1	36	34	23.3	50.0	8
28	3	26	1	36	35	23.3	50.0	7
28	3	26	1	36	36	23.3	50.0	8
28	3	26	1	36	37	23.3	50.0	6
28	3	26	1	36	38	23.3	50.0	7
28	3	26	1	36	39	23.2	50.0	7
28	3	26	1	36	40	23.2	50.0	7
28	3	26	1	36	41	23.2	50.0	8
28	3	26	1	36	42	23.3	50.0	7
28	3	26	1	36	43	23.3	50.0	8
28	3	26	1	36	44	23.2	50.0	7
28	3	26	1	36	45	23.2	50.0	7
28	3	26	1	36	46	23.3	50.0	7
28	3	26	1	36	47	23.3	50.0	7
28	3	26	1	36	48	23.3	50.0	7
28	3	26	1	36	49	23.3	50.0	8
28	3	26	1	36	50	23.3	50.0	9
28	3	26	1	36	51	23.2	50.0	8
28	3	26	1	36	52	23.2	50.0	8
28	3	26	1	36	53	23.2	50.0	7
28	3	26	1	36	54	23.2	50.0	7
28	3	26	1	36	55	23.2	50.0	7
28	3	26	1	36	56	23.2	50.0	8
28	3	26	1	36	57	23.2	50.0	8
28	3	26	1	36	58	23.2	50.0	7
28	3	26	1	36	59	23.2	50.0	8
28	3	26	1	37	0	23.2	50.0	7
28	3	26	1	37	1	23.2	50.0	6
28	3	26	1	37	2	23.2	50.0	7
28	3	26	1	37	3	23.2	50.0	7
28	3	26	1	37	4	23.2	50.0	7
28	3	26	1	37	5	23.2	50.0	8
28	3	26	1	37	6	23.2	50.0	8
28	3	26	1	37	7	23.2	50.0	7
28	3	26	1	37	8	23.2	50.0	8
28	3	26	1	37	9	23.2	50.0	8
28	3	26	1	37	10	23.2	50.0	7
28	3	26	1	37	11	23.2	50.0	6
28	3	26	1	37	12	23.2	50.0	7
28	3	26	1	37	13	23.2	50.0	7
28	3	26	1	37	14	23.2	50.0	6
28	3	26	1	37	15	23.2	50.0	8
28	3	26	1	37	16	23.2	50.0	7
28	3	26	1	37	17	23.2	50.0	7
28	3	26	1	37	18	23.2	50.0	14
28	3	26	1	37	19	23.2	50.0	7
28	3	26	1	37	20	23.2	50.0	13
28	3	26	1	37	21	23.2	50.0	18
28	3	26	1	37	22	23.2	50.0	19
28	3	26	1	37	23	23.2	50.0	19
28	3	26	1	37	24	23.2	50.0	17
28	3	26	1	37	25	23.2	50.0	18
28	3	26	1	37	26	23.2	50.0	19
28	3	26	1	37	27	23.2	50.0	18
28	3	26	1	37	28	23.2	50.0	19
28	3	26	1	37	29	23.2	50.0	19
28	3	26	1	37	30	23.2	50.0	19
28	3	26	1	37	31	23.2	50.0	19
28	3	26	1	37	32	23.2	50.0	20
28	3	26	1	37	33	23.2	50.0	18
28	3	26	1	37	34	23.2	50.0	19
28	3	26	1	37	35	23.2	50.0	20
28	3	26	1	37	36	23.2	50.0	19
28	3	26	1	37	37	23.2	50.0	20
28	3	26	1	37	38	23.2	50.0	18
28	3	26	1	37	39	23.2	50.0	19
28	3	26	1	37	40	23.2	50.0	8
28	3	26	1	37	41	23.2	50.0	8
28	3	26	1	37	42	23.2	50.0	8
28	3	26	1	37	43	23.2	50.0	9
28	3	26	1	37	44	23.2	50.0	7
28	3	26	1	37	45	23.2	50.0	8
28	3	26	1	37	46	23.2	50.0	7
28	3	26	1	37	47	23.2	50.0	7
28	3	26	1	37	48	23.2	50.0	11
28	3	26	1	37	49	23.2	50.0	7
28	3	26	1	37	50	23.2	50.0	8
28	3	26	1	37	51	23.2	50.0	8
28	3	26	1	37	52	23.2	50.0	14
28	3	26	1	37	53	23.2	50.0	19
28	3	26	1	37	54	23.2	50.0	19
28	3	26	1	37	55	23.2	50.0	13
28	3	26	1	37	56	23.2	50.0	19
28	3	26	1	37	57	23.2	50.0	8
28	3	26	1	37	58	23.2	50.0	8
28	3	26	1	37	59	23.2	50.0	9
28	3	26	1	38	0	23.2	50.0	12
28	3	26	1	38	1	23.2	50.0	10
28	3	26	1	38	2	23.2	50.0	10
28	3	26	1	38	3	23.2	50.0	18
28	3	26	1	38	4	23.2	50.0	10
28	3	26	1	38	5	23.2	50.0	19
28	3	26	1	38	6	23.2	50.0	18
28	3	26	1	38	7	23.2	50.0	17
28	3	26	1	38	8	23.2	50.0	18
28	3	26	1	38	9	23.2	50.0	19
28	3	26	1	38	10	23.2	50.0	17
28	3	26	1	38	11	23.2	50.0	17
28	3	26	1	38	12	23.2	50.0	19
28	3	26	1	38	13	23.2	50.0	13
28	3	26	1	38	14	23.2	50.0	15
28	3	26	1	38	15	23.2	50.0	10
28	3	26	1	38	16	23.2	50.0	10
28	3	26	1	38	17	23.2	50.0	14
28	3	26	1	38	18	23.2	50.0	18
28	3	26	1	38	19	23.2	50.0	19
28	3	26	1	38	20	23.2	50.0	18
28	3	26	1	38	21	23.2	50.0	19
28	3	26	1	38	22	23.2	50.0	17
28	3	26	1	38	23	23.2	50.0	13
28	3	26	1	38	24	23.2	50.0	13
28	3	26	1	38	25	23.2	50.0	10
28	3	26	1	38	26	23.2	50.0	7
28	3	26	1	38	27	23.2	50.0	19
28	3	26	1	38	28	23.2	50.0	17
28	3	26	1	38	29	23.2	50.0	17
28	3	26	1	38	30	23.2	50.0	19
28	3	26	1	38	31	23.2	50.0	14
28	3	26	1	38	32	23.2	50.0	19
28	3	26	1	38	33	23.2	50.0	17
28	3	26	1	38	34	23.2	50.0	16
28	3	26	1	38	35	23.2	50.0	18
28	3	26	1	38	36	23.2	50.0	17
28	3	26	1	38	37	23.2	50.0	19
28	3	26	1	38	38	23.2	50.0	19
28	3	26	1	38	39	23.2	50.0	19
28	3	26	1	38	40	23.2	50.0	19
28	3	26	1	38	41	23.2	50.0	17
28	3	26	1	38	42	23.2	50.0	19
28	3	26	1	38	43	23.2	50.0	19
28	3	26	1	38	44	23.2	50.0	20
28	3	26	1	38	45	23.2	50.0	17
28	3	26	1	38	46	23.2	50.0	19
28	3	26	1	38	47	23.2	50.0	18
28	3	26	1	38	48	23.2	50.0	19
28	3	26	1	38	49	23.2	51.0	18
28	3	26	1	38	50	23.2	51.0	18
28	3	26	1	38	51	23.2	50.0	19
28	3	26	1	38	52	23.2	50.0	18
28	3	26	1	38	53	23.2	50.0	19
28	3	26	1	38	54	23.2	50.0	18
28	3	26	1	38	55	23.2	50.0	19
28	3	26	1	38	56	23.2	50.0	18
28	3	26	1	38	57	23.2	50.0	18
28	3	26	1	38	58	23.2	50.0	17
28	3	26	1	38	59	23.2	50.0	19
28	3	26	1	39	0	23.2	50.0	18
28	3	26	1	39	1	23.2	50.0	18
28	3	26	1	39	2	23.2	50.0	19
28	3	26	1	39	3	23.2	50.0	18
28	3	26	1	39	4	23.2	50.0	19
28	3	26	1	39	5	23.2	50.0	20
28	3	26	1	39	6	23.2	50.0	18
28	3	26	1	39	7	23.2	50.0	19
28	3	26	1	39	8	23.2	50.0	20
28	3	26	1	39	9	23.2	50.0	18
28	3	26	1	39	10	23.2	50.0	18
28	3	26	1	39	11	23.2	50.0	18
28	3	26	1	39	12	23.2	50.0	18
28	3	26	1	39	13	23.2	50.0	19
28	3	26	1	39	14	23.2	50.0	18
28	3	26	1	39	15	23.2	50.0	20
28	3	26	1	39	16	23.2	51.0	19
28	3	26	1	39	17	23.2	51.0	19
28	3	26	1	39	18	23.2	51.0	19
28	3	26	1	39	19	23.2	51.0	20
28	3	26	1	39	20	23.2	51.0	18
28	3	26	1	39	21	23.2	51.0	18
28	3	26	1	39	22	23.2	51.0	17
28	3	26	1	39	23	23.2	51.0	18
28	3	26	1	39	24	23.2	51.0	18
28	3	26	1	39	25	23.2	51.0	19
28	3	26	1	39	26	23.2	51.0	18
28	3	26	1	39	27	23.2	51.0	19
28	3	26	1	39	28	23.2	51.0	18
28	3	26	1	39	29	23.2	51.0	19
28	3	26	1	39	30	23.2	51.0	19
28	3	26	1	39	31	23.2	51.0	19
28	3	26	1	39	32	23.2	51.0	20
28	3	26	1	39	33	23.2	51.0	20
28	3	26	1	39	34	23.2	51.0	19
28	3	26	1	39	35	23.2	51.0	20
28	3	26	1	39	36	23.2	51.0	19
28	3	26	1	39	37	23.2	51.0	19
28	3	26	1	39	38	23.2	51.0	18
28	3	26	1	39	39	23.2	51.0	17
28	3	26	1	39	40	23.2	51.0	19
28	3	26	1	39	41	23.2	51.0	19
28	3	26	1	39	42	23.2	51.0	17
28	3	26	1	39	43	23.2	51.0	19
28	3	26	1	39	44	23.2	51.0	18
28	3	26	1	39	45	23.2	51.0	19
28	3	26	1	39	46	23.2	51.0	19
28	3	26	1	39	47	23.2	51.0	18
28	3	26	1	39	48	23.2	51.0	18
28	3	26	1	39	49	23.2	51.0	19
28	3	26	1	39	50	23.2	51.0	18
28	3	26	1	39	51	23.2	51.0	19
28	3	26	1	39	52	23.2	51.0	18
28	3	26	1	39	53	23.2	51.0	19
28	3	26	1	39	54	23.2	51.0	19
28	3	26	1	39	55	23.2	51.0	18
28	3	26	1	39	56	23.2	51.0	18
28	3	26	1	39	57	23.2	51.0	17
28	3	26	1	39	58	23.2	51.0	18
28	3	26	1	39	59	23.2	51.0	20
28	3	26	1	40	0	23.2	51.0	18
28	3	26	1	40	1	23.2	51.0	18
28	3	26	1	40	2	23.2	51.0	20
28	3	26	1	40	3	23.2	51.0	19
28	3	26	1	40	4	23.2	51.0	19
28	3	26	1	40	5	23.2	51.0	18
28	3	26	1	40	6	23.2	51.0	19
28	3	26	1	40	7	23.2	51.0	20
28	3	26	1	40	8	23.2	51.0	19
28	3	26	1	40	9	23.2	51.0	19
28	3	26	1	40	10	23.2	51.0	18
28	3	26	1	40	11	23.2	51.0	17
28	3	26	1	40	12	23.2	51.0	20
28	3	26	1	40	13	23.2	51.0	20
28	3	26	1	40	14	23.2	51.0	18
28	3	26	1	40	15	23.2	51.0	18
28	3	26	1	40	16	23.2	51.0	18
28	3	26	1	40	17	23.2	51.0	17
28	3	26	1	40	18	23.2	51.0	19
28	3	26	1	40	19	23.2	51.0	18
28	3	26	1	40	20	23.2	51.0	19
28	3	26	1	40	21	23.2	51.0	18
28	3	26	1	40	22	23.2	51.0	19
28	3	26	1	40	23	23.2	51.0	18
28	3	26	1	40	24	23.2	51.0	20
28	3	26	1	40	25	23.2	51.0	18
28	3	26	1	40	26	23.2	51.0	19
28	3	26	1	40	27	23.2	51.0	18
28	3	26	1	40	28	23.2	51.0	18
28	3	26	1	40	29	23.2	51.0	18
28	3	26	1	40	30	23.2	51.0	19
28	3	26	1	40	31	23.2	51.0	18
28	3	26	1	40	32	23.2	51.0	19
28	3	26	1	40	33	23.2	51.0	18
28	3	26	1	40	34	23.2	51.0	18
28	3	26	1	40	35	23.2	51.0	19
28	3	26	1	40	36	23.2	51.0	19
28	3	26	1	40	37	23.2	51.0	19
28	3	26	1	40	38	23.2	51.0	18
28	3	26	1	40	39	23.2	51.0	18
28	3	26	1	40	40	23.2	51.0	17
28	3	26	1	40	41	23.2	51.0	18
28	3	26	1	40	42	23.2	51.0	17
28	3	26	1	40	43	23.2	51.0	19
28	3	26	1	40	44	23.2	51.0	19
28	3	26	1	40	45	23.2	51.0	19
28	3	26	1	40	46	23.2	51.0	19
28	3	26	1	40	47	23.2	51.0	18
28	3	26	1	40	48	23.2	51.0	18
28	3	26	1	40	49	23.2	51.0	18
28	3	26	1	40	50	23.2	51.0	18
28	3	26	1	40	51	23.2	51.0	19
28	3	26	1	40	52	23.2	51.0	19
28	3	26	1	40	53	23.2	51.0	18
28	3	26	1	40	54	23.2	51.0	17
28	3	26	1	40	55	23.2	51.0	19
28	3	26	1	40	56	23.2	51.0	18
28	3	26	1	40	57	23.2	51.0	19
28	3	26	1	40	58	23.2	51.0	20
28	3	26	1	40	59	23.2	51.0	19
28	3	26	1	41	0	23.2	51.0	19
28	3	26	1	41	1	23.2	51.0	17
28	3	26	1	41	2	23.2	51.0	18
28	3	26	1	41	3	23.2	51.0	18
28	3	26	1	41	4	23.2	51.0	18
28	3	26	1	41	5	23.2	51.0	18
28	3	26	1	41	6	23.2	51.0	18
28	3	26	1	41	7	23.2	51.0	19
28	3	26	1	41	8	23.2	51.0	18
28	3	26	1	41	9	23.2	51.0	18
28	3	26	1	41	10	23.2	51.0	18
28	3	26	1	41	11	23.2	51.0	18
28	3	26	1	41	12	23.2	51.0	18
28	3	26	1	41	13	23.2	51.0	19
28	3	26	1	41	14	23.2	51.0	18
28	3	26	1	41	15	23.2	51.0	18
28	3	26	1	41	16	23.2	51.0	18
28	3	26	1	41	17	23.2	51.0	19
28	3	26	1	41	18	23.2	51.0	18
28	3	26	1	41	19	23.2	51.0	19
28	3	26	1	41	20	23.2	51.0	18
28	3	26	1	41	21	23.2	51.0	18
28	3	26	1	41	22	23.2	51.0	19
28	3	26	1	41	23	23.2	51.0	18
28	3	26	1	41	24	23.2	51.0	18
28	3	26	1	41	25	23.2	51.0	19
28	3	26	1	41	26	23.2	51.0	19
28	3	26	1	41	27	23.2	51.0	18
28	3	26	1	41	28	23.2	51.0	19
28	3	26	1	41	29	23.2	51.0	17
28	3	26	1	41	30	23.2	51.0	19
28	3	26	1	41	31	23.2	51.0	18
28	3	26	1	41	32	23.2	51.0	20
28	3	26	1	41	33	23.2	51.0	18
28	3	26	1	41	34	23.2	51.0	18
28	3	26	1	41	35	23.2	51.0	18
28	3	26	1	41	36	23.2	51.0	18
28	3	26	1	41	37	23.2	51.0	18
28	3	26	1	41	38	23.2	51.0	19
28	3	26	1	41	39	23.2	51.0	18
28	3	26	1	41	40	23.2	51.0	19
28	3	26	1	41	41	23.2	51.0	17
28	3	26	1	41	42	23.2	51.0	19
28	3	26	1	41	43	23.2	51.0	19
28	3	26	1	41	44	23.2	51.0	19
28	3	26	1	41	45	23.2	51.0	19
28	3	26	1	41	46	23.2	51.0	18
28	3	26	1	41	47	23.2	51.0	18
28	3	26	1	41	48	23.2	51.0	19
28	3	26	1	41	49	23.2	51.0	18
28	3	26	1	41	50	23.2	51.0	17
28	3	26	1	41	51	23.2	51.0	18
28	3	26	1	41	52	23.2	51.0	17
28	3	26	1	41	53	23.2	51.0	19
28	3	26	1	41	54	23.2	51.0	19
28	3	26	1	41	55	23.2	51.0	18
28	3	26	1	41	56	23.2	51.0	18
28	3	26	1	41	57	23.2	51.0	17
28	3	26	1	41	58	23.2	51.0	19
28	3	26	1	41	59	23.2	51.0	19
28	3	26	1	42	0	23.2	51.0	18
28	3	26	1	42	1	23.2	51.0	19
28	3	26	1	42	2	23.2	51.0	18
28	3	26	1	42	3	23.2	51.0	19
28	3	26	1	42	4	23.2	51.0	18
28	3	26	1	42	5	23.2	51.0	18
28	3	26	1	42	6	23.2	51.0	18
28	3	26	1	42	7	23.2	51.0	19
28	3	26	1	42	8	23.2	51.0	19
28	3	26	1	42	9	23.2	51.0	19
28	3	26	1	42	10	23.2	51.0	19
28	3	26	1	42	11	23.2	51.0	18
28	3	26	1	42	12	23.2	51.0	18
28	3	26	1	42	13	23.2	51.0	20
28	3	26	1	42	14	23.2	51.0	18
28	3	26	1	42	15	23.2	51.0	18
28	3	26	1	42	16	23.2	51.0	19
28	3	26	1	42	17	23.2	51.0	18
28	3	26	1	42	18	23.2	51.0	19
28	3	26	1	42	19	23.2	51.0	19
28	3	26	1	42	20	23.2	51.0	19
28	3	26	1	42	21	23.2	51.0	20
28	3	26	1	42	22	23.2	51.0	19
28	3	26	1	42	23	23.2	51.0	18
28	3	26	1	42	24	23.2	51.0	18
28	3	26	1	42	25	23.2	51.0	18
28	3	26	1	42	26	23.2	51.0	17
28	3	26	1	42	27	23.2	51.0	17
28	3	26	1	42	28	23.2	51.0	18
28	3	26	1	42	29	23.2	51.0	19
28	3	26	1	42	30	23.2	51.0	18
28	3	26	1	42	31	23.2	51.0	19
28	3	26	1	42	32	23.2	51.0	20
28	3	26	1	42	33	23.2	51.0	19
28	3	26	1	42	34	23.2	51.0	19
28	3	26	1	42	35	23.2	51.0	18
28	3	26	1	42	36	23.2	51.0	19
28	3	26	1	42	37	23.2	51.0	19
28	3	26	1	42	38	23.2	51.0	19
28	3	26	1	42	39	23.2	51.0	19
28	3	26	1	42	40	23.2	51.0	18
28	3	26	1	42	41	23.2	51.0	19
28	3	26	1	42	42	23.2	51.0	18
28	3	26	1	42	43	23.2	51.0	18
28	3	26	1	42	44	23.2	51.0	19
28	3	26	1	42	45	23.2	51.0	17
28	3	26	1	42	46	23.2	51.0	18
28	3	26	1	42	47	23.2	51.0	18
28	3	26	1	42	48	23.2	51.0	18
28	3	26	1	42	49	23.2	51.0	19
28	3	26	1	42	50	23.2	51.0	17
28	3	26	1	42	51	23.2	51.0	19
28	3	26	1	42	52	23.2	51.0	19
28	3	26	1	42	53	23.2	51.0	17
28	3	26	1	42	54	23.2	51.0	18
28	3	26	1	42	55	23.2	51.0	19
28	3	26	1	42	56	23.2	51.0	18
28	3	26	1	42	57	23.2	51.0	18
28	3	26	1	42	58	23.2	51.0	19
28	3	26	1	42	59	23.2	51.0	17
28	3	26	1	43	0	23.2	51.0	19
28	3	26	1	43	1	23.2	51.0	18
28	3	26	1	43	2	23.2	51.0	18
28	3	26	1	43	3	23.2	51.0	19
28	3	26	1	43	4	23.2	51.0	19
28	3	26	1	43	5	23.2	51.0	18
28	3	26	1	43	6	23.2	51.0	19
28	3	26	1	43	7	23.2	51.0	18
28	3	26	1	43	8	23.2	51.0	17
28	3	26	1	43	9	23.2	51.0	19
28	3	26	1	43	10	23.2	51.0	17
28	3	26	1	43	11	23.2	51.0	19
28	3	26	1	43	12	23.2	51.0	18
28	3	26	1	43	13	23.2	51.0	18
28	3	26	1	43	14	23.2	51.0	18
28	3	26	1	43	15	23.2	51.0	19
28	3	26	1	43	16	23.2	51.0	18
28	3	26	1	43	17	23.2	51.0	19
28	3	26	1	43	18	23.2	51.0	19
28	3	26	1	43	19	23.2	51.0	18
28	3	26	1	43	20	23.2	51.0	18
28	3	26	1	43	21	23.2	51.0	18
28	3	26	1	43	22	23.2	51.0	19
28	3	26	1	43	23	23.2	51.0	18
28	3	26	1	43	24	23.2	51.0	18
28	3	26	1	43	25	23.2	51.0	19
28	3	26	1	43	26	23.2	51.0	18
28	3	26	1	43	27	23.2	51.0	18
28	3	26	1	43	28	23.2	51.0	19
28	3	26	1	43	29	23.2	51.0	19
28	3	26	1	43	30	23.2	51.0	19
28	3	26	1	43	31	23.2	51.0	19
28	3	26	1	43	32	23.2	51.0	19
28	3	26	1	43	33	23.2	51.0	19
28	3	26	1	43	34	23.2	51.0	20
28	3	26	1	43	35	23.2	51.0	19
28	3	26	1	43	36	23.2	51.0	18
28	3	26	1	43	37	23.2	51.0	19
28	3	26	1	43	38	23.2	51.0	18
28	3	26	1	43	39	23.2	51.0	18
28	3	26	1	43	40	23.2	51.0	19
28	3	26	1	43	41	23.2	51.0	18
28	3	26	1	43	42	23.2	51.0	19
28	3	26	1	43	43	23.2	51.0	18
28	3	26	1	43	44	23.2	51.0	18
28	3	26	1	43	45	23.2	51.0	19
28	3	26	1	43	46	23.2	51.0	18
28	3	26	1	43	47	23.2	51.0	17
28	3	26	1	43	48	23.2	51.0	18
28	3	26	1	43	49	23.2	51.0	19
28	3	26	1	43	50	23.2	51.0	19
28	3	26	1	43	51	23.2	51.0	19
28	3	26	1	43	52	23.2	51.0	17
28	3	26	1	43	53	23.2	51.0	19
28	3	26	1	43	54	23.2	51.0	17
28	3	26	1	43	55	23.2	51.0	19
28	3	26	1	43	56	23.2	51.0	20
28	3	26	1	43	57	23.2	51.0	19
28	3	26	1	43	58	23.2	51.0	19
28	3	26	1	43	59	23.2	51.0	19
28	3	26	1	44	0	23.2	51.0	18
28	3	26	1	44	1	23.2	51.0	18
28	3	26	1	44	2	23.2	51.0	18
28	3	26	1	44	3	23.2	51.0	18
28	3	26	1	44	4	23.2	51.0	18
28	3	26	1	44	5	23.2	51.0	18
28	3	26	1	44	6	23.2	51.0	18
28	3	26	1	44	7	23.2	51.0	19
28	3	26	1	44	8	23.2	51.0	18
28	3	26	1	44	9	23.2	51.0	18
28	3	26	1	44	10	23.2	51.0	19
28	3	26	1	44	11	23.2	51.0	17
28	3	26	1	44	12	23.2	51.0	19
28	3	26	1	44	13	23.2	51.0	18
28	3	26	1	44	14	23.2	51.0	19
28	3	26	1	44	15	23.1	51.0	18
28	3	26	1	44	16	23.1	51.0	19
28	3	26	1	44	17	23.1	51.0	19
28	3	26	1	44	18	23.2	51.0	18
28	3	26	1	44	19	23.2	51.0	18
28	3	26	1	44	20	23.2	51.0	19
28	3	26	1	44	21	23.2	51.0	17
28	3	26	1	44	22	23.2	51.0	19
28	3	26	1	44	23	23.2	51.0	17
28	3	26	1	44	24	23.2	51.0	19
28	3	26	1	44	25	23.2	51.0	19
28	3	26	1	44	26	23.2	51.0	18
28	3	26	1	44	27	23.2	51.0	19
28	3	26	1	44	28	23.2	51.0	19
28	3	26	1	44	29	23.2	51.0	18
28	3	26	1	44	30	23.2	51.0	18
28	3	26	1	44	31	23.2	51.0	17
28	3	26	1	44	32	23.2	51.0	18
28	3	26	1	44	33	23.2	51.0	17
28	3	26	1	44	34	23.2	51.0	19
28	3	26	1	44	35	23.2	51.0	19
28	3	26	1	44	36	23.2	51.0	18
28	3	26	1	44	37	23.2	51.0	18
28	3	26	1	44	38	23.2	51.0	18
28	3	26	1	44	39	23.2	51.0	19
28	3	26	1	44	40	23.2	51.0	18
28	3	26	1	44	41	23.2	51.0	19
28	3	26	1	44	42	23.2	51.0	18
28	3	26	1	44	43	23.2	51.0	18
28	3	26	1	44	44	23.2	51.0	18
28	3	26	1	44	45	23.2	51.0	17
28	3	26	1	44	46	23.2	51.0	19
28	3	26	1	44	47	23.2	51.0	18
28	3	26	1	44	48	23.2	51.0	19
28	3	26	1	44	49	23.2	51.0	18
28	3	26	1	44	50	23.2	51.0	18
28	3	26	1	44	51	23.2	51.0	18
28	3	26	1	44	52	23.2	51.0	18
28	3	26	1	44	53	23.2	51.0	17
28	3	26	1	44	54	23.2	51.0	19
28	3	26	1	44	55	23.2	51.0	18
28	3	26	1	44	56	23.2	51.0	19
28	3	26	1	44	57	23.2	51.0	18
28	3	26	1	44	58	23.2	51.0	19
28	3	26	1	44	59	23.2	51.0	19
28	3	26	1	45	0	23.2	51.0	18
28	3	26	1	45	1	23.2	51.0	18
28	3	26	1	45	2	23.2	51.0	18
28	3	26	1	45	3	23.2	51.0	19
28	3	26	1	45	4	23.2	51.0	18
28	3	26	1	45	5	23.2	51.0	19
28	3	26	1	45	6	23.2	51.0	17
28	3	26	1	45	7	23.2	51.0	18
28	3	26	1	45	8	23.2	51.0	19
28	3	26	1	45	9	23.2	51.0	18
28	3	26	1	45	10	23.2	51.0	19
28	3	26	1	45	11	23.2	51.0	18
28	3	26	1	45	12	23.2	51.0	17
28	3	26	1	45	13	23.2	51.0	18
28	3	26	1	45	14	23.2	51.0	19
28	3	26	1	45	15	23.2	51.0	19
28	3	26	1	45	16	23.2	51.0	18
28	3	26	1	45	17	23.2	51.0	19
28	3	26	1	45	18	23.2	51.0	19
28	3	26	1	45	19	23.2	51.0	18
28	3	26	1	45	20	23.2	51.0	17
28	3	26	1	45	21	23.2	51.0	18
28	3	26	1	45	22	23.2	51.0	17
28	3	26	1	45	23	23.2	51.0	18
28	3	26	1	45	24	23.2	51.0	19
28	3	26	1	45	25	23.2	51.0	17
28	3	26	1	45	26	23.2	51.0	19
28	3	26	1	45	27	23.2	51.0	18
28	3	26	1	45	28	23.2	51.0	19
28	3	26	1	45	29	23.2	51.0	17
28	3	26	1	45	30	23.2	51.0	19
28	3	26	1	45	31	23.2	51.0	17
28	3	26	1	45	32	23.2	51.0	17
28	3	26	1	45	33	23.2	51.0	18
28	3	26	1	45	34	23.2	51.0	18
28	3	26	1	45	35	23.2	51.0	14
28	3	26	1	45	36	23.2	51.0	19
28	3	26	1	45	37	23.2	51.0	12
28	3	26	1	45	38	23.2	51.0	18
28	3	26	1	45	39	23.2	51.0	12
28	3	26	1	45	40	23.2	51.0	18
28	3	26	1	45	41	23.2	51.0	19
28	3	26	1	45	42	23.2	51.0	18
28	3	26	1	45	43	23.2	51.0	17
28	3	26	1	45	44	23.2	51.0	17
28	3	26	1	45	45	23.2	51.0	18
28	3	26	1	45	46	23.2	51.0	18
28	3	26	1	45	47	23.2	51.0	18
