Jour	Mois	Année	Heure	Minute	Seconde	Temp(°C) Hum(%) Lum(%)
28	3	26	8	39	25	0.0	0.0	0
28	3	26	8	39	26	23.0	58.0	92
28	3	26	8	39	27	23.0	58.0	98
28	3	26	8	39	28	23.0	58.0	98
28	3	26	8	39	29	23.0	58.0	98
28	3	26	8	39	30	23.0	58.0	98
28	3	26	8	39	31	23.0	58.0	98
28	3	26	8	39	32	23.1	58.0	98
28	3	26	8	39	33	23.1	58.0	98
28	3	26	8	39	34	23.1	58.0	98
28	3	26	8	39	35	23.1	58.0	98
28	3	26	8	39	36	23.1	58.0	98
28	3	26	8	39	37	23.1	58.0	98
28	3	26	8	39	38	23.1	58.0	98
28	3	26	8	39	39	23.1	58.0	98
28	3	26	8	39	40	23.1	58.0	98
28	3	26	8	39	41	23.1	58.0	98
28	3	26	8	39	42	23.1	58.0	98
28	3	26	8	39	43	23.1	58.0	98
28	3	26	8	39	44	23.1	58.0	98
28	3	26	8	39	45	23.1	58.0	98
28	3	26	8	39	46	23.1	58.0	98
28	3	26	8	39	47	23.1	58.0	98
28	3	26	8	39	48	23.2	58.0	98
28	3	26	8	39	49	23.2	58.0	98
28	3	26	8	39	50	23.2	58.0	98
28	3	26	8	39	51	23.2	58.0	98
28	3	26	8	39	52	23.2	58.0	98
28	3	26	8	39	53	23.2	58.0	98
28	3	26	8	39	54	23.2	58.0	98
28	3	26	8	39	55	23.2	58.0	98
28	3	26	8	39	56	23.2	58.0	98
28	3	26	8	39	57	23.2	58.0	98
28	3	26	8	39	58	23.2	58.0	98
28	3	26	8	39	59	23.2	58.0	98
28	3	26	8	40	0	23.2	58.0	98
28	3	26	8	40	1	23.2	58.0	98
28	3	26	8	40	2	23.2	58.0	98
28	3	26	8	40	3	23.2	58.0	98
28	3	26	8	40	4	23.3	58.0	98
28	3	26	8	40	5	23.3	58.0	98
28	3	26	8	40	6	23.3	57.0	98
28	3	26	8	40	7	23.3	57.0	98
28	3	26	8	40	8	23.3	57.0	98
28	3	26	8	40	9	23.3	57.0	98
28	3	26	8	40	10	23.3	57.0	98
28	3	26	8	40	11	23.3	57.0	98
28	3	26	8	40	12	23.3	57.0	98
28	3	26	8	40	13	23.3	57.0	98
28	3	26	8	40	14	23.3	57.0	98
28	3	26	8	40	15	23.3	57.0	98
28	3	26	8	40	16	23.3	57.0	98
28	3	26	8	40	17	23.3	57.0	98
28	3	26	8	40	18	23.3	57.0	98
28	3	26	8	40	19	23.3	57.0	98
28	3	26	8	40	20	23.3	57.0	98
28	3	26	8	40	21	23.3	57.0	98
28	3	26	8	40	22	23.4	57.0	98
28	3	26	8	40	23	23.4	57.0	98
28	3	26	8	40	24	23.4	57.0	98
28	3	26	8	40	25	23.4	57.0	98
28	3	26	8	40	26	23.4	57.0	98
28	3	26	8	40	27	23.4	57.0	98
28	3	26	8	40	28	23.4	57.0	98
28	3	26	8	40	29	23.4	57.0	98
28	3	26	8	40	30	23.4	57.0	98
28	3	26	8	40	31	23.4	57.0	98
28	3	26	8	40	32	23.4	57.0	98
28	3	26	8	40	33	23.4	57.0	98
28	3	26	8	40	34	23.4	57.0	98
28	3	26	8	40	35	23.4	57.0	98
28	3	26	8	40	36	23.4	57.0	98
28	3	26	8	40	37	23.4	57.0	98
28	3	26	8	40	38	23.5	57.0	98
28	3	26	8	40	39	23.5	57.0	98
28	3	26	8	40	40	23.5	57.0	98
28	3	26	8	40	41	23.4	57.0	98
28	3	26	8	40	42	23.4	57.0	98
28	3	26	8	40	43	23.5	57.0	98
28	3	26	8	40	44	23.5	57.0	98
28	3	26	8	40	45	23.5	56.0	98
28	3	26	8	40	46	23.5	56.0	98
28	3	26	8	40	47	23.5	56.0	98
28	3	26	8	40	48	23.5	56.0	98
28	3	26	8	40	49	23.5	56.0	98
28	3	26	8	40	50	23.5	56.0	98
28	3	26	8	40	51	23.5	56.0	98
28	3	26	8	40	52	23.5	56.0	98
28	3	26	8	40	53	23.5	56.0	98
28	3	26	8	40	54	23.5	56.0	98
28	3	26	8	40	55	23.5	56.0	98
28	3	26	8	40	56	23.5	56.0	98
28	3	26	8	40	57	23.5	56.0	98
28	3	26	8	40	58	23.5	56.0	98
28	3	26	8	40	59	23.5	56.0	98
28	3	26	8	41	0	23.5	56.0	98
28	3	26	8	41	1	23.6	56.0	98
28	3	26	8	41	2	23.6	56.0	98
28	3	26	8	41	3	23.6	56.0	98
28	3	26	8	41	4	23.6	56.0	98
28	3	26	8	41	5	23.6	56.0	98
28	3	26	8	41	6	23.6	56.0	98
28	3	26	8	41	7	23.6	56.0	98
28	3	26	8	41	8	23.6	57.0	98
28	3	26	8	41	9	23.6	57.0	98
28	3	26	8	41	10	23.6	57.0	98
28	3	26	8	41	11	23.6	57.0	98
28	3	26	8	41	12	23.6	57.0	98
28	3	26	8	41	13	23.6	56.0	98
28	3	26	8	41	14	23.6	56.0	98
28	3	26	8	41	15	23.6	56.0	98
28	3	26	8	41	16	23.6	56.0	98
28	3	26	8	41	17	23.6	56.0	98
28	3	26	8	41	18	23.6	56.0	98
28	3	26	8	41	19	23.6	56.0	98
28	3	26	8	41	20	23.6	56.0	98
28	3	26	8	41	21	23.6	56.0	98
28	3	26	8	41	22	23.6	56.0	98
28	3	26	8	41	23	23.6	56.0	98
28	3	26	8	41	24	23.6	56.0	98
28	3	26	8	41	25	23.6	56.0	98
28	3	26	8	41	26	23.6	56.0	98
28	3	26	8	41	27	23.6	56.0	98
28	3	26	8	41	28	23.6	56.0	98
28	3	26	8	41	29	23.6	56.0	98
28	3	26	8	41	30	23.6	56.0	98
28	3	26	8	41	31	23.6	56.0	98
28	3	26	8	41	32	23.6	56.0	98
28	3	26	8	41	33	23.6	56.0	98
28	3	26	8	41	34	23.6	56.0	98
28	3	26	8	41	35	23.6	56.0	98
28	3	26	8	41	36	23.6	56.0	98
28	3	26	8	41	37	23.6	56.0	98
28	3	26	8	41	38	23.7	56.0	98
28	3	26	8	41	39	23.7	56.0	98
28	3	26	8	41	40	23.7	56.0	98
28	3	26	8	41	41	23.7	56.0	98
28	3	26	8	41	42	23.7	56.0	98
28	3	26	8	41	43	23.7	56.0	98
28	3	26	8	41	44	23.8	56.0	98
28	3	26	8	41	45	23.8	56.0	98
28	3	26	8	41	46	23.8	56.0	98
28	3	26	8	41	47	23.7	56.0	98
28	3	26	8	41	48	23.7	56.0	98
28	3	26	8	41	49	23.8	56.0	98
28	3	26	8	41	50	23.8	56.0	98
28	3	26	8	41	51	23.8	56.0	98
28	3	26	8	41	52	23.8	56.0	98
28	3	26	8	41	53	23.8	56.0	98
28	3	26	8	41	54	23.8	56.0	98
28	3	26	8	41	55	23.8	56.0	98
28	3	26	8	41	56	23.8	56.0	98
28	3	26	8	41	57	23.8	56.0	98
28	3	26	8	41	58	23.8	56.0	98
28	3	26	8	41	59	23.8	56.0	98
28	3	26	8	42	0	23.8	56.0	98
28	3	26	8	42	1	23.8	56.0	98
28	3	26	8	42	2	23.8	56.0	98
28	3	26	8	42	3	23.8	56.0	98
28	3	26	8	42	4	23.8	56.0	98
28	3	26	8	42	5	23.8	56.0	98
28	3	26	8	42	6	23.8	56.0	98
28	3	26	8	42	7	23.8	56.0	98
28	3	26	8	42	8	23.8	56.0	98
28	3	26	8	42	9	23.8	56.0	98
28	3	26	8	42	10	23.8	56.0	98
28	3	26	8	42	11	23.8	56.0	98
28	3	26	8	42	12	23.8	56.0	98
28	3	26	8	42	13	23.8	56.0	98
28	3	26	8	42	14	23.9	56.0	98
28	3	26	8	42	15	23.9	56.0	98
28	3	26	8	42	16	23.9	56.0	98
28	3	26	8	42	17	23.9	56.0	98
28	3	26	8	42	18	23.9	56.0	98
28	3	26	8	42	19	23.9	56.0	98
28	3	26	8	42	20	23.9	56.0	98
28	3	26	8	42	21	23.9	56.0	98
28	3	26	8	42	22	23.9	56.0	98
28	3	26	8	42	23	23.9	56.0	98
28	3	26	8	42	24	23.9	56.0	98
28	3	26	8	42	25	23.9	55.0	98
28	3	26	8	42	26	23.9	55.0	98
28	3	26	8	42	27	23.9	55.0	98
28	3	26	8	42	28	23.9	56.0	98
28	3	26	8	42	29	23.9	56.0	98
28	3	26	8	42	30	23.9	56.0	98
28	3	26	8	42	31	23.9	56.0	98
28	3	26	8	42	32	23.9	56.0	98
28	3	26	8	42	33	23.9	56.0	98
28	3	26	8	42	34	23.9	55.0	98
28	3	26	8	42	35	23.9	55.0	98
28	3	26	8	42	36	23.9	55.0	98
28	3	26	8	42	37	23.9	55.0	98
28	3	26	8	42	38	23.9	55.0	98
28	3	26	8	42	39	23.9	55.0	98
28	3	26	8	42	40	23.9	55.0	98
28	3	26	8	42	41	23.9	55.0	98
28	3	26	8	42	42	23.9	55.0	98
28	3	26	8	42	43	23.9	55.0	98
28	3	26	8	42	44	23.9	55.0	98
28	3	26	8	42	45	23.9	55.0	98
28	3	26	8	42	46	23.9	55.0	98
28	3	26	8	42	47	23.9	55.0	98
28	3	26	8	42	48	23.9	55.0	98
28	3	26	8	42	49	23.9	55.0	98
28	3	26	8	42	50	24.0	55.0	98
28	3	26	8	42	51	24.0	55.0	98
28	3	26	8	42	52	24.0	55.0	98
28	3	26	8	42	53	24.0	55.0	98
28	3	26	8	42	54	24.0	55.0	98
28	3	26	8	42	55	24.0	55.0	98
28	3	26	8	42	56	24.0	55.0	98
28	3	26	8	42	57	24.0	55.0	98
28	3	26	8	42	58	24.0	55.0	98
28	3	26	8	42	59	24.0	55.0	98
28	3	26	8	43	0	24.0	55.0	98
28	3	26	8	43	1	24.0	55.0	98
28	3	26	8	43	2	24.0	55.0	98
28	3	26	8	43	3	24.0	55.0	98
28	3	26	8	43	4	24.0	55.0	98
28	3	26	8	43	5	24.0	55.0	98
28	3	26	8	43	6	24.0	55.0	98
28	3	26	8	43	7	24.0	55.0	98
28	3	26	8	43	8	24.0	55.0	98
28	3	26	8	43	9	24.0	55.0	98
28	3	26	8	43	10	24.0	55.0	98
28	3	26	8	43	11	24.0	55.0	98
28	3	26	8	43	12	24.0	55.0	98
28	3	26	8	43	13	24.0	55.0	98
28	3	26	8	43	14	24.0	55.0	98
28	3	26	8	43	15	24.0	55.0	98
28	3	26	8	43	16	24.0	55.0	98
28	3	26	8	43	17	24.0	55.0	98
28	3	26	8	43	18	24.0	55.0	98
28	3	26	8	43	19	24.0	55.0	98
28	3	26	8	43	20	24.0	55.0	98
28	3	26	8	43	21	24.0	55.0	98
28	3	26	8	43	22	24.0	55.0	98
28	3	26	8	43	23	24.0	55.0	98
28	3	26	8	43	24	24.0	55.0	98
28	3	26	8	43	25	24.0	55.0	98
28	3	26	8	43	26	24.0	55.0	98
28	3	26	8	43	27	24.0	55.0	98
28	3	26	8	43	28	24.0	55.0	98
28	3	26	8	43	29	24.0	55.0	98
